T,mu_B,phi_u,phi_d,phi_s,Phi1,Phi2
300.0,0.0,-0.01526234652754564,-0.015262346527545616,-0.40408069840807215,0.8405791825951161,0.8405791825951161
299.0,0.0,-0.015734050086811207,-0.015734050086811217,-0.4152300580466064,0.8394160365165914,0.8394160365165914
298.0,0.0,-0.01621425896487604,-0.016214258964876025,-0.4265031273623063,0.8382409966020212,0.8382409966020212
297.0,0.0,-0.01670323977055038,-0.016703239770550406,-0.43790040703913946,0.8370538889390428,0.8370538889390428
296.0,0.0,-0.01720127071917809,-0.0172012707191781,-0.4494223209047084,0.8358545362037831,0.8358545362037831
295.0,0.0,-0.017708642244353246,-0.017708642244353277,-0.4610692107678172,0.8346427575922608,0.8346427575922608
294.0,0.0,-0.018225657646613325,-0.018225657646613363,-0.4728413311180514,0.8334183687509974,0.8334183687509974
293.0,0.0,-0.018752633781649587,-0.01875263378164958,-0.4847388436990726,0.8321811817071771,0.8321811817071771
292.0,0.0,-0.019289901790815616,-0.019289901790815623,-0.49676181197006025,0.8309310047980866,0.8309310047980866
291.0,0.0,-0.01983780787692892,-0.019837807876928952,-0.5089101954716131,0.8296676425998666,0.8296676425998666
290.0,0.0,-0.02039671412860551,-0.020396714128605515,-0.5211838441146589,0.8283908958557329,0.8283908958557329
289.0,0.0,-0.020966999396671543,-0.020966999396671588,-0.5335824924138766,0.8271005614032931,0.8271005614032931
288.0,0.0,-0.02154906022645919,-0.021549060226459173,-0.5461057536887414,0.8257964321014295,0.8257964321014295
287.0,0.0,-0.022143311850191198,-0.022143311850191277,-0.5587531142592187,0.8244782967560289,0.8244782967560289
286.0,0.0,-0.022750189243967704,-0.022750189243967704,-0.5715239276642675,0.8231459400451143,0.8231459400451143
285.0,0.0,-0.023370148254339872,-0.023370148254339872,-0.584417408935317,0.8217991424427401,0.8217991424427401
284.0,0.0,-0.02400366679986629,-0.02400366679986629,-0.5974326289584044,0.8204376801419546,0.8204376801419546
283.0,0.0,-0.024651246153598247,-0.024651246153598247,-0.6105685089621561,0.8190613249762502,0.8190613249762502
282.0,0.0,-0.025313412312962674,-0.025313412312962674,-0.6238238151703913,0.8176698443396975,0.8176698443396975
281.0,0.0,-0.025990717464174737,-0.025990717464174737,-0.6371971536612134,0.8162630011052258,0.8162630011052258
280.0,0.0,-0.026683741548987613,-0.026683741548987613,-0.6506869654760921,0.8148405535409065,0.8148405535409065
279.0,0.0,-0.02739309394236199,-0.02739309394236199,-0.6642915220243274,0.8134022552240244,0.8134022552240243
278.0,0.0,-0.02811941525052584,-0.02811941525052584,-0.6780089208303367,0.8119478549523339,0.8119478549523339
277.0,0.0,-0.028863379239831847,-0.028863379239831847,-0.6918370816717779,0.8104770966523196,0.8104770966523197
276.0,0.0,-0.029625694907908246,-0.029625694907908246,-0.7057737431576923,0.8089897192839948,0.8089897192839948
275.0,0.0,-0.030407108709828063,-0.030407108709828063,-0.7198164597964619,0.8074854567414742,0.8074854567414742
274.0,0.0,-0.031208406953316895,-0.031208406953316895,-0.7339625996024157,0.8059640377491627,0.8059640377491627
273.0,0.0,-0.03203041837858576,-0.03203041837858576,-0.7482093422900602,0.8044251857526089,0.8044251857526089
272.0,0.0,-0.03287401694003093,-0.03287401694003093,-0.7625536781029719,0.8028686188035175,0.8028686188035175
271.0,0.0,-0.033740124808960784,-0.033740124808960784,-0.7769924073227018,0.801294049438105,0.801294049438105
270.0,0.0,-0.03462971561863655,-0.03462971561863655,-0.7915221405002335,0.7997011845480356,0.7997011845480356
269.0,0.0,-0.03554381797531159,-0.03554381797531159,-0.8061392994491495,0.7980897252431504,0.7980897252431504
268.0,0.0,-0.03648351926168905,-0.03648351926168905,-0.8208401190361021,0.7964593667047596,0.7964593667047596
267.0,0.0,-0.03744996976220318,-0.03744996976220318,-0.8356206497984756,0.7948097980290046,0.7948097980290046
266.0,0.0,-0.03844438714305959,-0.03844438714305959,-0.8504767614150723,0.7931407020586738,0.7931407020586738
265.0,0.0,-0.039468061323779016,-0.039468061323779016,-0.8654041470484445,0.7914517552028044,0.7914517552028044
264.0,0.0,-0.04052235978146509,-0.04052235978146509,-0.8803983285718936,0.7897426272425643,0.7897426272425643
263.0,0.0,-0.041608733333972726,-0.041608733333972726,-0.8954546626865688,0.7880129811223379,0.7880129811223379
262.0,0.0,-0.042728722453866386,-0.042728722453866386,-0.9105683479271365,0.7862624727245261,0.7862624727245261
261.0,0.0,-0.043883964171490916,-0.043883964171490916,-0.9257344325464281,0.7844907506268064,0.7844907506268064
260.0,0.0,-0.045076199632876,-0.045076199632876,-0.9409478232620584,0.7826974558402096,0.7826974558402096
259.0,0.0,-0.04630728238657995,-0.04630728238657995,-0.9562032948398904,0.7808822215265327,0.7808822215265327
258.0,0.0,-0.04757918748322382,-0.04757918748322382,-0.9714955004816357,0.7790446726933729,0.7790446726933729
257.0,0.0,-0.04889402148247895,-0.04889402148247895,-0.9868189829764388,0.7771844258650323,0.7771844258650323
256.0,0.0,-0.05025403347495942,-0.05025403347495942,-1.0021681865693137,0.7753010887273725,0.7753010887273725
255.0,0.0,-0.05166162724103504,-0.05166162724103504,-1.0175374694929256,0.7733942597446003,0.7733942597446003
254.0,0.0,-0.0531193746854071,-0.0531193746854071,-1.032921117103534,0.7714635277457975,0.7714635277457975
253.0,0.0,-0.054630030705714795,-0.054630030705714795,-1.048313355557299,0.7695084714788457,0.7695084714788457
252.0,0.0,-0.05619654967597463,-0.05619654967597463,-1.0637083659595632,0.7675286591290428,0.7675286591290428
251.0,0.0,-0.05782210375175775,-0.05782210375175775,-1.0791002989171443,0.7655236477997012,0.7655236477997012
250.0,0.0,-0.05951010323446277,-0.05951010323446277,-1.0944832894229246,0.7634929829514033,0.7634929829514033
249.0,0.0,-0.06126421926750037,-0.06126421926750037,-1.1098514720023847,0.7614361977963613,0.7614361977963613
248.0,0.0,-0.06308840917867725,-0.06308840917867725,-1.1251989960537536,0.7593528126438884,0.7593528126438884
247.0,0.0,-0.06498694483170167,-0.06498694483170167,-1.140520041317563,0.757242334192299,0.757242334192299
246.0,0.0,-0.06696444440684861,-0.06696444440684861,-1.1558088334170888,0.7551042547618779,0.7551042547618779
245.0,0.0,-0.06902590809808624,-0.06902590809808624,-1.1710596594188312,0.7529380514628855,0.7529380514628855
244.0,0.0,-0.0711767582934639,-0.0711767582934639,-1.1862668833726284,0.7507431852912169,0.7507431852912169
243.0,0.0,-0.07342288489958962,-0.07342288489958962,-1.201424961802958,0.7485191001434127,0.7485191001434127
242.0,0.0,-0.07577069658273805,-0.07577069658273805,-1.2165284591385759,0.7462652217408707,0.7462652217408707
241.0,0.0,-0.07822717883200427,-0.07822717883200427,-1.231572063085307,0.7439809564514677,0.7439809564514677
240.0,0.0,-0.0807999599085408,-0.0807999599085408,-1.246550599968642,0.7416656899942604,0.7416656899942604
239.0,0.0,-0.08349738593463901,-0.08349738593463901,-1.2614590500980616,0.7393187860102067,0.7393187860102067
238.0,0.0,-0.08632860660403097,-0.08632860660403097,-1.2762925632353421,0.7369395844781662,0.7369395844781662
237.0,0.0,-0.08930367326847938,-0.08930367326847938,-1.291046474285011,0.7345273999510413,0.7345273999510414
236.0,0.0,-0.0924336514856254,-0.0924336514856254,-1.3057163193680745,0.7320815195814051,0.7320815195814051
235.0,0.0,-0.09573075051171695,-0.09573075051171695,-1.3202978524919862,0.729601200898901,0.729601200898901
234.0,0.0,-0.09920847270544512,-0.09920847270544512,-1.334787063092658,0.7270856692930002,0.7270856692930002
233.0,0.0,-0.10288178639453446,-0.10288178639453446,-1.3491801948013535,0.7245341151435666,0.7245341151435666
232.0,0.0,-0.10676732646786184,-0.10676732646786184,-1.3634737658844183,0.7219456905274472,0.7219456905274472
231.0,0.0,-0.11088362782041389,-0.11088362782041389,-1.3776645919222843,0.7193195054113397,0.7193195054113397
230.0,0.0,-0.11525139782980612,-0.11525139782980612,-1.391749811443042,0.7166546232177436,0.7166546232177436
229.0,0.0,-0.11989383532047868,-0.11989383532047868,-1.405726915413952,0.7139500556208888,0.7139500556208888
228.0,0.0,-0.12483700502044476,-0.12483700502044476,-1.4195937817337259,0.7112047563904593,0.7112047563904593
227.0,0.0,-0.1301102783852021,-0.1301102783852021,-1.4333487161750178,0.7084176140499503,0.7084176140499503
226.0,0.0,-0.1357468539047325,-0.1357468539047325,-1.4469905016198923,0.7055874430500927,0.7055874430500927
225.0,0.0,-0.14178437266606642,-0.14178437266606642,-1.4605184579389088,0.702712973069966,0.702712973069966
224.0,0.0,-0.14826564803581496,-0.14826564803581496,-1.4739325155188994,0.6997928359430907,0.6997928359430907
223.0,0.0,-0.15523953182188094,-0.15523953182188094,-1.4872333062890535,0.6968255495531954,0.6968255495531954
222.0,0.0,-0.16276194303075237,-0.16276194303075237,-1.5004222771794886,0.6938094978426897,0.6938094978426897
221.0,0.0,-0.17089708901145712,-0.17089708901145712,-1.5135018323293392,0.6907429058105496,0.6907429058105496
220.0,0.0,-0.179718911650107,-0.179718911650107,-1.5264755120988198,0.6876238080268928,0.6876238080268928
219.0,0.0,-0.189312791966946,-0.189312791966946,-1.5393482190712935,0.6844500087362352,0.6844500087362352
218.0,0.0,-0.19977754243350077,-0.19977754243350077,-1.5521265037362226,0.6812190310396772,0.6812190310396772
217.0,0.0,-0.21122770307768948,-0.21122770307768948,-1.5648189252631115,0.6779280519236869,0.6779280519236869
216.0,0.0,-0.22379612725624468,-0.22379612725624468,-1.5774365052504178,0.6745738190529429,0.6745738190529429
215.0,0.0,-0.2376367829909759,-0.2376367829909759,-1.5899932935070216,0.6711525443432853,0.6711525443432852
214.0,0.0,-0.2529275854413209,-0.2529275854413209,-1.6025070626188374,0.667659768593015,0.667659768593015
213.0,0.0,-0.2698728844971307,-0.2698728844971307,-1.6150001381000592,0.6640901913642926,0.6640901913642926
212.0,0.0,-0.288704916615813,-0.288704916615813,-1.6275003458986477,0.6604374618578827,0.6604374618578828
211.0,0.0,-0.30968304592538515,-0.30968304592538515,-1.6400420068182253,0.6566939315222284,0.6566939315222284
210.0,0.0,-0.33308894443849296,-0.33308894443849296,-1.6526668109527982,0.652850380529614,0.652850380529614
209.0,0.0,-0.35921506984683166,-0.35921506984683166,-1.665424246833955,0.6488957520107718,0.6488957520107718
208.0,0.0,-0.3883432062351989,-0.3883432062351989,-1.6783710380572783,0.6448169634229761,0.6448169634229761
207.0,0.0,-0.4207101866035893,-0.42071018660358933,-1.6915688081921294,0.640598911268818,0.640598911268818
206.0,0.0,-0.45646045779365185,-0.45646045779365196,-1.7050791208594016,0.6362248255730779,0.6362248255730779
205.0,0.0,-0.49559104037565216,-0.4955910403756508,-1.718955434481489,0.6316771205420963,0.6316771205420963
204.0,0.0,-0.537903010504343,-0.5379030105043436,-1.733232669073208,0.6269387684254816,0.6269387684254816
203.0,0.0,-0.5829802100789578,-0.5829802100789586,-1.7479168506727558,0.6219949761810174,0.6219949761810174
202.0,0.0,-0.630212715507222,-0.6302127155072221,-1.7629786341026903,0.6168346746783607,0.6168346746783607
201.0,0.0,-0.6788660812639629,-0.6788660812639626,-1.778353923922211,0.6114512588125155,0.6114512588125155
200.0,0.0,-0.7281759346201986,-0.7281759346201989,-1.7939519872199703,0.6058422829036587,0.6058422829036586
199.0,0.0,-0.7774368924163323,-0.7774368924163324,-1.8096681532738805,0.6000082718445486,0.6000082718445486
198.0,0.0,-0.8260621698449928,-0.8260621698449919,-1.8253967731384588,0.5939511280850344,0.5939511280850344
197.0,0.0,-0.8736074127926484,-0.8736074127926489,-1.8410411389043941,0.5876726210719193,0.5876726210719193
196.0,0.0,-0.9197662121143925,-0.919766212114395,-1.8565191857352967,0.5811732368137572,0.5811732368137572
195.0,0.0,-0.9643497162334141,-0.964349716233414,-1.8717654867531917,0.5744514376997233,0.5744514376997233
194.0,0.0,-1.0072609564166881,-1.0072609564166881,-1.886730752514602,0.5675032479919523,0.5675032479919523
193.0,0.0,-1.0484703747011344,-1.0484703747011346,-1.9013800138947223,0.5603220411306638,0.5603220411306638
192.0,0.0,-1.0879954352545393,-1.0879954352545393,-1.9156903337662072,0.5528984188655927,0.5528984188655927
191.0,0.0,-1.1258849505926065,-1.1258849505926056,-1.9296485438831095,0.5452201018666307,0.5452201018666307
190.0,0.0,-1.1622076694555405,-1.1622076694555394,-1.9432492469130023,0.5372717776644146,0.5372717776644146
189.0,0.0,-1.197044307757931,-1.1970443077579305,-1.9564931677721829,0.529034868620762,0.529034868620762
188.0,0.0,-1.2304821962309798,-1.2304821962309809,-1.969385857238798,0.5204871902704814,0.5204871902704814
187.0,0.0,-1.2626118504596633,-1.2626118504596648,-1.981936715935036,0.5116024705050408,0.5116024705050408
186.0,0.0,-1.2935249323631342,-1.2935249323631366,-1.9941582974850585,0.5023496940006915,0.5023496940006915
185.0,0.0,-1.323313221992376,-1.323313221992377,-2.0060658532828826,0.492692224366878,0.492692224366878
184.0,0.0,-1.3520683419485848,-1.352068341948584,-2.0176770909664663,0.4825866379399091,0.48258663793990914
183.0,0.0,-1.3798820746870455,-1.3798820746870455,-2.0290121311246643,0.47198117606235807,0.47198117606235807
182.0,0.0,-1.4068471911210223,-1.4068471911210223,-2.040093660714277,0.4608136839765447,0.46081368397654476
181.0,0.0,-1.4330587732235454,-1.4330587732235454,-2.0509472967560134,0.4490088500321275,0.4490088500321275
180.0,0.0,-1.4586160668516739,-1.4586160668516739,-2.061602189396838,0.43647448496134805,0.4364744849613481
179.0,0.0,-1.4836249387070584,-1.4836249387070584,-2.072091905987142,0.4230964891317417,0.4230964891317417
178.0,0.0,-1.5082010054104535,-1.5082010054104535,-2.082455635143704,0.4087320706014654,0.4087320706014654
177.0,0.0,-1.5324733602133034,-1.5324733602133034,-2.0927396926624,0.3932008033302309,0.39320080333023083
176.0,0.0,-1.5565882610587716,-1.5565882610587716,-2.1029990803291216,0.37627362018634897,0.37627362018634897
175.0,0.0,-1.580710325819039,-1.580710325819039,-2.1132980886805,0.35766202084058407,0.35766202084058407
174.0,0.0,-1.6050133233240726,-1.6050133233240726,-2.123706623576916,0.3370173852048585,0.3370173852048585
173.0,0.0,-1.629637607378701,-1.629637607378701,-2.1342824902595154,0.3139737872508942,0.31397378725089425
172.0,0.0,-1.654558734253947,-1.654558734253947,-2.145015701460644,0.28832640322355974,0.28832640322355974
171.0,0.0,-1.6792970547358088,-1.6792970547358088,-2.155703441865705,0.2604997620233909,0.2604997620233909
170.0,0.0,-1.7026363306412189,-1.7026363306412189,-2.1658246954266653,0.23216072944242627,0.23216072944242627
169.0,0.0,-1.7230654739724733,-1.7230654739724733,-2.174722240243693,0.20584677331107049,0.20584677331107049
168.0,0.0,-1.7398791688869217,-1.7398791688869217,-2.182076778488109,0.18326368168023197,0.18326368168023197
167.0,0.0,-1.7533915430990903,-1.7533915430990903,-2.1880092328986884,0.16457363563847568,0.16457363563847568
166.0,0.0,-1.76429956354485,-1.76429956354485,-2.1928118143765976,0.1491500365798241,0.14915003657982412
165.0,0.0,-1.7732452200498645,-1.7732452200498645,-2.1967579953380785,0.13626892916238165,0.13626892916238167
164.0,0.0,-1.7807119551313864,-1.7807119551313864,-2.200055487165233,0.12533954509939735,0.12533954509939738
163.0,0.0,-1.7870450833301106,-1.7870450833301106,-2.2028535842558425,0.11592264307134262,0.11592264307134259
162.0,0.0,-1.7924907116256137,-1.7924907116256137,-2.205259239795374,0.10769793509996224,0.10769793509996223
161.0,0.0,-1.797226988640344,-1.797226988640344,-2.2073502256230406,0.1004303657341031,0.10043036573410312
160.0,0.0,-1.8013855990901946,-1.8013855990901946,-2.209184266796671,0.09394473685181073,0.09394473685181073
159.0,0.0,-1.8050660033080521,-1.8050660033080521,-2.210805128835167,0.08810808846761828,0.08810808846761826
158.0,0.0,-1.808344868362847,-1.808344868362847,-2.2122466674753825,0.08281768640936231,0.08281768640936231
157.0,0.0,-1.8112823998975127,-1.8112823998975127,-2.2135355576325444,0.0779927990791338,0.0779927990791338
156.0,0.0,-1.8139266728161323,-1.8139266728161323,-2.2146931658885496,0.07356899528103292,0.07356899528103292
155.0,0.0,-1.8163166526334158,-1.8163166526334158,-2.2157368606442724,0.06949412605877027,0.06949412605877027
154.0,0.0,-1.81848434489264,-1.81848434489264,-2.216680946675769,0.06572544495783195,0.06572544495783195
153.0,0.0,-1.820456352845244,-1.820456352845244,-2.2175373441158226,0.062227509652235787,0.062227509652235787
152.0,0.0,-1.8222550259308075,-1.8222550259308075,-2.2183160902737007,0.05897062859905589,0.05897062859905589
151.0,0.0,-1.8238993201460512,-1.8238993201460512,-2.219025716438804,0.0559296940270127,0.0559296940270127
150.0,0.0,-1.82540545327605,-1.82540545327605,-2.219673535445155,0.053083289811123854,0.053083289811123854
149.0,0.0,-1.8267874037846115,-1.8267874037846115,-2.2202658613278574,0.050413019447525034,0.050413019447525034
148.0,0.0,-1.8280573120481298,-1.8280573120481298,-2.2208081858974364,0.047902948938163235,0.047902948938163235
147.0,0.0,-1.829225784665101,-1.829225784665101,-2.221305313411565,0.04553920010879416,0.04553920010879416
146.0,0.0,-1.8303021433739062,-1.8303021433739062,-2.2217614707139237,0.04330960972910852,0.04330960972910852
145.0,0.0,-1.8312946241510453,-1.8312946241510453,-2.2221803955647514,0.04120345871290703,0.04120345871290703
144.0,0.0,-1.8322105389428127,-1.8322105389428127,-2.2225654085429265,0.03921125237839394,0.03921125237839394
143.0,0.0,-1.8330564081384253,-1.8330564081384253,-2.2229194720626158,0.03732454070787626,0.03732454070787626
142.0,0.0,-1.833838069917811,-1.833838069917811,-2.2232452391886333,0.03553577022648017,0.03553577022648017
141.0,0.0,-1.8345607711615044,-1.8345607711615044,-2.223545094304975,0.03383816108708643,0.03383816108708643
140.0,0.0,-1.83522924353995,-1.83522924353995,-2.223821187224164,0.03222560440852262,0.03222560440852262
139.0,0.0,-1.8358477675987057,-1.8358477675987057,-2.2240754619754033,0.030692576008073017,0.030692576008073017
138.0,0.0,-1.8364202270513594,-1.8364202270513594,-2.2243096812450323,0.029234063497007256,0.029234063497007256
137.0,0.0,-1.836950155030873,-1.836950155030873,-2.2245254472408855,0.02784550433954559,0.02784550433954559
136.0,0.0,-1.8374407736953917,-1.8374407736953917,-2.2247242195967134,0.026522732961923052,0.026522732961923052
135.0,0.0,-1.8378950283097584,-1.8378950283097584,-2.2249073308121092,0.02526193537544396,0.02526193537544396
134.0,0.0,-1.8383156167090486,-1.8383156167090486,-2.225075999629012,0.024059610072289288,0.024059610072289288
133.0,0.0,-1.8387050148814883,-1.8387050148814883,-2.225231342671508,0.022912534184960216,0.022912534184960216
132.0,0.0,-1.8390654992741098,-1.8390654992741098,-2.2253743846165275,0.02181773408419706,0.02181773408419706
131.0,0.0,-1.839399166317643,-1.839399166317643,-2.2255060671160205,0.0207724597369326,0.0207724597369326
130.0,0.0,-1.8397079495814053,-1.8397079495814053,-2.2256272566532815,0.01977416226355882,0.01977416226355882
129.0,0.0,-1.8399936348996797,-1.8399936348996797,-2.225738751485491,0.018820474228790476,0.018820474228790476
128.0,0.0,-1.8402578737549518,-1.8402578737549518,-2.225841287799641,0.017909192277492873,0.017909192277492873
127.0,0.0,-1.8405021951573903,-1.8405021951573903,-2.225935545188793,0.017038261789717145,0.017038261789717145
126.0,0.0,-1.8407280162224313,-1.8407280162224313,-2.2260221515387535,0.016205763280720754,0.016205763280720754
125.0,0.0,-1.8409366516172838,-1.8409366516172838,-2.226101687401698,0.01540990031419412,0.01540990031419412
124.0,0.0,-1.8411293220214635,-1.8411293220214635,-2.2261746899216717,0.014648988732027506,0.014648988732027506
123.0,0.0,-1.8413071617251464,-1.8413071617251464,-2.2262416563675065,0.013921447033123757,0.013921447033123757
122.0,0.0,-1.841471225471331,-1.841471225471331,-2.2263030473207035,0.013225787758100743,0.013225787758100743
121.0,0.0,-1.841622494632722,-1.841622494632722,-2.226359289559205,0.012560609757113575,0.012560609757113575
120.0,0.0,-1.8417618828017885,-1.8417618828017885,-2.2264107786722827,0.0119245912351642,0.0119245912351642
119.0,0.0,-1.8418902408617828,-1.8418902408617828,-2.2264578814371077,0.011316483483727251,0.011316483483727251
118.0,0.0,-1.8420083615974012,-1.8420083615974012,-2.2265009379834755,0.01073510521976786,0.01073510521976786
117.0,0.0,-1.842116983896225,-1.842116983896225,-2.2265402637697522,0.010179337463628594,0.010179337463628594
116.0,0.0,-1.8422167965854361,-1.8422167965854361,-2.226576151390152,0.009648118896130384,0.009648118896130384
115.0,0.0,-1.8423084419427356,-1.8423084419427356,-2.2266088722309654,0.009140441642812545,0.009140441642812545
114.0,0.0,-1.8423925189155832,-1.8423925189155832,-2.2266386779911906,0.008655347439736623,0.008655347439736623
113.0,0.0,-1.8424695860786606,-1.8424695860786606,-2.2266658020811407,0.008191924140869779,0.008191924140869779
112.0,0.0,-1.8425401643560166,-1.8425401643560166,-2.226690460911009,0.007749302531881568,0.007749302531881568
111.0,0.0,-1.8426047395310843,-1.8426047395310843,-2.2267128550799615,0.0073266534193573655,0.007326653419357363
110.0,0.0,-1.8426637645651853,-1.8426637645651853,-2.226733170475148,0.006923184968042754,0.006923184968042754
109.0,0.0,-1.84271766174274,-1.84271766174274,-2.2267515792889037,0.006538140261872838,0.006538140261872838
108.0,0.0,-1.842766824659373,-1.842766824659373,-2.2267682409615612,0.0061707950672744444,0.0061707950672744444
107.0,0.0,-1.84281162006727,-1.84281162006727,-2.2267833030564397,0.005820455779616601,0.005820455779616601
106.0,0.0,-1.8428523895906854,-1.8428523895906854,-2.2267969020728935,0.005486457535772629,0.005486457535772629
105.0,0.0,-1.8428894513229483,-1.8428894513229483,-2.226809164202646,0.005168162477589765,0.005168162477589765
104.0,0.0,-1.8429231013152536,-1.8429231013152536,-2.2268202060341573,0.004864958152670395,0.004864958152670395
103.0,0.0,-1.842953614966414,-1.842953614966414,-2.22683013520921,0.004576256040286447,0.004576256040286447
102.0,0.0,-1.8429812483217238,-1.8429812483217238,-2.2268390510355247,0.004301490191498444,0.004301490191498444
101.0,0.0,-1.843006239288364,-1.843006239288364,-2.226847045058813,0.004040115973655021,0.004040115973655021
100.0,0.0,-1.8430288087739635,-1.8430288087739635,-2.2268542015973805,0.00379160891042678,0.00379160891042678
99.0,0.0,-1.843049161754285,-1.843049161754285,-2.2268605982420295,0.003555463609396017,0.003555463609396017
98.0,0.0,-1.8430674882754385,-1.8430674882754385,-2.226866306323791,0.003331192769994068,0.003331192769994068
97.0,0.0,-1.8430839643954742,-1.8430839643954742,-2.226871391351814,0.0031183262652639513,0.0031183262652639513
96.0,0.0,-1.8430987530697576,-1.8430987530697576,-2.2268759134234233,0.0029164102915370397,0.0029164102915370397
95.0,0.0,-1.8431120049841192,-1.8431120049841192,-2.226879927608308,0.002725006580657507,0.002725006580657507
94.0,0.0,-1.8431238593393569,-1.8431238593393569,-2.2268834843085,0.0025436916698763057,0.0025436916698763057
93.0,0.0,-1.843134444590435,-1.843134444590435,-2.2268866295957666,0.002372056224971821,0.002372056224971821
92.0,0.0,-1.843143879143273,-1.843143879143273,-2.22688940552785,0.0022097044125459786,0.0022097044125459786
91.0,0.0,-1.843152272011899,-1.843152272011899,-2.2268918504448356,0.0020562533177946106,0.0020562533177946106
90.0,0.0,-1.8431597234384256,-1.8431597234384256,-2.226893999246935,0.0019113324043659402,0.0019113324043659402
89.0,0.0,-1.8431663254780901,-1.8431663254780901,-2.2268958836547412,0.0017745830132041404,0.0017745830132041404
88.0,0.0,-1.8431721625514252,-1.8431721625514252,-2.2268975324530125,0.001645657897529604,0.001645657897529604
87.0,0.0,-1.8431773119654584,-1.8431773119654584,-2.2268989717189642,0.0015242207913366518,0.0015242207913366518
86.0,0.0,-1.8431818444056924,-1.8431818444056924,-2.2269002250359002,0.001409946008996279,0.001409946008996279
85.0,0.0,-1.8431858244003922,-1.8431858244003922,-2.226901313693069,0.001302518073737764,0.001302518073737764
84.0,0.0,-1.8431893107587318,-1.8431893107587318,-2.226902256872469,0.0012016313729507552,0.0012016313729507552
83.0,0.0,-1.8431923569840905,-1.8431923569840905,-2.226903071823335,0.0011069898384012144,0.0011069898384012144
82.0,0.0,-1.8431950116637998,-1.8431950116637998,-2.226903774024988,0.0010183066495910676,0.0010183066495910676
81.0,0.0,-1.8431973188364532,-1.8431973188364532,-2.2269043773386628,0.0009353039586148239,0.0009353039586148239
80.0,0.0,-1.8431993183379176,-1.8431993183379176,-2.2269048941489156,0.0008577126349773336,0.0008577126349773336
79.0,0.0,-1.8432010461270087,-1.8432010461270087,-2.226905335495178,0.0007852720289370372,0.0007852720289370372
78.0,0.0,-1.84320253459181,-1.84320253459181,-2.22690571119398,0.0007177297520289768,0.0007177297520289768
77.0,0.0,-1.843203812837493,-1.843203812837493,-2.2269060299523455,0.0006548414735027304,0.0006548414735027304
76.0,0.0,-1.8432049069565055,-1.8432049069565055,-2.2269062994728492,0.0005963707314828425,0.0005963707314828425
75.0,0.0,-1.8432058402819032,-1.8432058402819032,-2.2269065265507826,0.0005420887577241709,0.0005420887577241709
74.0,0.0,-1.8432066336245603,-1.8432066336245603,-2.22690671716387,0.0004917743148923615,0.0004917743148923615
73.0,0.0,-1.843207305495006,-1.843207305495006,-2.2269068765549527,0.00044521354535085786,0.00044521354535085786
72.0,0.0,-1.8432078723105612,-1.8432078723105612,-2.2269070093080288,0.0004021998304812904,0.0004021998304812904
71.0,0.0,-1.8432083485884154,-1.8432083485884154,-2.2269071194180596,0.0003625336596038714,0.0003625336596038714
70.0,0.0,-1.8432087471252954,-1.8432087471252954,-2.22690721035488,0.00032602250759920684,0.00032602250759920684
69.0,0.0,-1.8432090791785387,-1.8432090791785387,-2.226907285124623,0.00029247779885003606,0.00029247779885003606
68.0,0.0,-1.8432093545603676,-1.8432093545603676,-2.2269073463100666,0.00026172696229773915,0.00026172696229773915
67.0,0.0,-1.843209581877518,-1.843209581877518,-2.2269073961396177,0.0002335943018126962,0.0002335943018126962
66.0,0.0,-1.8432097685940243,-1.8432097685940243,-2.226907436516326,0.00020791416412440234,0.00020791416412440234
65.0,0.0,-1.8432099211713653,-1.8432099211713653,-2.2269074690615076,0.00018452736905921337,0.00018452736905921337
64.0,0.0,-1.8432100451798807,-1.8432100451798807,-2.226907495150392,0.0001632811225839148,0.0001632811225839148
63.0,0.0,-1.8432101454007066,-1.8432101454007066,-2.2269075159441387,0.0001440289322732593,0.0001440289322732593
62.0,0.0,-1.8432102259187837,-1.8432102259187837,-2.2269075324184446,0.00012663052504790424,0.00012663052504790424
61.0,0.0,-1.8432102902074272,-1.8432102902074272,-2.22690754538906,0.00011095176642810527,0.00011095176642810527
60.0,0.0,-1.843210341204929,-1.843210341204929,-2.22690755553441,9.686458055227577e-5,9.686458055227577e-5
59.0,0.0,-1.8432103813837168,-1.8432103813837168,-2.2269075634156197,8.424687021217037e-5,8.424687021217037e-5
58.0,0.0,-1.8432104128125337,-1.8432104128125337,-2.226907569494099,7.298243615873204e-5,7.298243615873204e-5
57.0,0.0,-1.8432104372120957,-1.8432104372120957,-2.22690757414696,6.296089493507354e-5,6.296089493507354e-5
56.0,0.0,-1.8432104560047042,-1.8432104560047042,-2.2269075776804614,5.4077594496365836e-5,5.4077594496365836e-5
55.0,0.0,-1.8432104703582413,-1.8432104703582413,-2.226907580341642,4.623352688136599e-5,4.623352688136599e-5
54.0,0.0,-1.8432104812250023,-1.8432104812250023,-2.226907582328374,3.933523720779143e-5,3.9335237207791436e-5
53.0,0.0,-1.8432104893757602,-1.8432104893757602,-2.2269075837979737,3.3294728274756e-5,3.3294728274755995e-5
52.0,0.0,-1.8432104954295072,-1.8432104954295072,-2.226907584874522,2.802936007112499e-5,2.8029360071124984e-5
51.0,0.0,-1.843210499879223,-1.843210499879223,-2.226907585655085,2.3461743510195724e-5,2.3461743510195724e-5
50.0,0.0,-1.843210503114091,-1.843210503114091,-2.226907586214932,1.951962773991751e-5,1.951962773991751e-5
49.0,0.0,-1.8432105054384842,-1.8432105054384842,-2.2269075866118895,1.6135780415478474e-5,1.6135780415478474e-5
48.0,0.0,-1.84321050708809,-1.84321050708809,-2.2269075868899435,1.3247860369094703e-5,1.3247860369094703e-5
47.0,0.0,-1.8432105082434893,-1.8432105082434893,-2.2269075870822084,1.0798282172001306e-5,1.0798282172001306e-5
46.0,0.0,-1.8432105090414832,-1.8432105090414832,-2.2269075872133435,8.734072157724035e-6,8.734072157724035e-6
45.0,0.0,-1.8432105095844618,-1.8432105095844618,-2.2269075873014827,7.006715565508929e-6,7.006715565508929e-6
44.0,0.0,-1.8432105099480827,-1.8432105099480827,-2.2269075873598085,5.57199457003181e-6,5.571994570031809e-6
43.0,0.0,-1.8432105101874827,-1.8432105101874827,-2.22690758739777,4.389817089760259e-6,4.389817089760258e-6
42.0,0.0,-1.8432105103422551,-1.8432105103422551,-2.226907587422039,3.4240364128607846e-6,3.4240364128607846e-6
41.0,0.0,-1.843210510440381,-1.843210510440381,-2.2269075874372612,2.6422618471468292e-6,2.6422618471468292e-6
40.0,0.0,-1.843210510501302,-1.843210510501302,-2.226907587446618,2.0156607893930042e-6,2.0156607893930042e-6
39.0,0.0,-1.8432105105382843,-1.8432105105382843,-2.2269075874522395,1.5187528186557855e-6,1.5187528186557855e-6
38.0,0.0,-1.8432105105601935,-1.8432105105601935,-2.2269075874555413,1.1291966461299074e-6,1.1291966461299074e-6
37.0,0.0,-1.8432105105728411,-1.8432105105728411,-2.22690758745743,8.275709971651415e-7,8.275709971651415e-7
36.0,0.0,-1.8432105105799355,-1.8432105105799355,-2.2269075874584825,5.971507542410042e-7,5.971507542410043e-7
35.0,0.0,-1.843210510583794,-1.843210510583794,-2.2269075874590487,4.2367994576528114e-7,4.2367994576528125e-7
34.0,0.0,-1.8432105105858252,-1.8432105105858252,-2.226907587459346,2.951434150693627e-7,2.9514341506936256e-7
33.0,0.0,-1.843210510586857,-1.843210510586857,-2.2269075874594955,2.0153923505278547e-7,2.0153923505278547e-7
32.0,0.0,-1.8432105105873595,-1.8432105105873595,-2.226907587459567,1.3465413236653226e-7,1.3465413236653226e-7
31.0,0.0,-1.843210510587595,-1.843210510587595,-2.2269075874596016,8.784433456086421e-8,8.784433456086421e-8
30.0,0.0,-1.8432105105877006,-1.8432105105877006,-2.2269075874596145,5.582433661618164e-8,5.5824336616181634e-8
29.0,0.0,-1.843210510587743,-1.843210510587743,-2.226907587459622,3.4466081793680316e-8,3.4466081793680316e-8
28.0,0.0,-1.8432105105877616,-1.8432105105877616,-2.2269075874596242,2.0610949166610552e-8,2.0610949166610552e-8
27.0,0.0,-1.8432105105877674,-1.8432105105877674,-2.2269075874596256,1.1896723337601425e-8,1.1896723337601425e-8
26.0,0.0,-1.8432105105877674,-1.8432105105877674,-2.2269075874596256,1.1896723337601425e-8,1.1896723337601425e-8
25.0,0.0,-1.84321051058777,-1.84321051058777,-2.226907587459626,3.5050911228286363e-9,3.5050911228286363e-9
24.0,0.0,-1.84321051058777,-1.84321051058777,-2.226907587459626,3.5050911228286363e-9,3.5050911228286363e-9
23.0,0.0,-1.84321051058777,-1.84321051058777,-2.226907587459626,3.5050911228286363e-9,3.5050911228286363e-9
22.0,0.0,-1.84321051058777,-1.84321051058777,-2.226907587459626,3.5050911228286363e-9,3.5050911228286363e-9
21.0,0.0,-1.84321051058777,-1.84321051058777,-2.226907587459626,3.5050911228286363e-9,3.5050911228286363e-9
20.0,0.0,-1.84321051058777,-1.84321051058777,-2.226907587459626,3.5050911228286363e-9,3.5050911228286363e-9
19.0,0.0,-1.84321051058777,-1.84321051058777,-2.226907587459626,3.5050911228286363e-9,3.5050911228286363e-9
18.0,0.0,-1.84321051058777,-1.84321051058777,-2.226907587459626,3.5050911228286363e-9,3.5050911228286363e-9
17.0,0.0,-1.84321051058777,-1.84321051058777,-2.226907587459626,3.5050911228286363e-9,3.5050911228286363e-9
16.0,0.0,-1.84321051058777,-1.84321051058777,-2.226907587459626,3.5050911228286363e-9,3.5050911228286363e-9
15.0,0.0,-1.84321051058777,-1.84321051058777,-2.226907587459626,3.5050911228286363e-9,3.5050911228286363e-9
14.0,0.0,-1.84321051058777,-1.84321051058777,-2.226907587459626,3.5050911228286363e-9,3.5050911228286363e-9
13.0,0.0,-1.84321051058777,-1.84321051058777,-2.226907587459626,3.5050911228286363e-9,3.5050911228286363e-9
12.0,0.0,-1.84321051058777,-1.84321051058777,-2.226907587459626,3.5050911228286363e-9,3.5050911228286363e-9
11.0,0.0,-1.84321051058777,-1.84321051058777,-2.226907587459626,3.5050911228286363e-9,3.5050911228286363e-9
10.0,0.0,-1.84321051058777,-1.84321051058777,-2.226907587459626,3.5050911228286363e-9,3.5050911228286363e-9
9.0,0.0,-1.84321051058777,-1.84321051058777,-2.226907587459626,3.5050911228286363e-9,3.5050911228286363e-9
8.0,0.0,-1.84321051058777,-1.84321051058777,-2.226907587459626,3.5050911228286363e-9,3.5050911228286363e-9
7.0,0.0,-1.84321051058777,-1.84321051058777,-2.226907587459626,3.5050911228286363e-9,3.5050911228286363e-9
6.0,0.0,-1.84321051058777,-1.84321051058777,-2.226907587459626,3.5050911228286363e-9,3.5050911228286363e-9
5.0,0.0,-1.84321051058777,-1.84321051058777,-2.226907587459626,3.5050911228286363e-9,3.5050911228286363e-9
4.0,0.0,-1.84321051058777,-1.84321051058777,-2.226907587459626,3.5050911228286363e-9,3.5050911228286363e-9
3.0,0.0,-1.84321051058777,-1.84321051058777,-2.226907587459626,3.5050911228286363e-9,3.5050911228286363e-9
2.0,0.0,-1.84321051058777,-1.84321051058777,-2.226907587459626,3.5050911228286363e-9,3.5050911228286363e-9
1.0,0.0,-1.84321051058777,-1.84321051058777,-2.226907587459626,3.5050911228286363e-9,3.5050911228286363e-9
