rho_B,mu_B,eB
0.01,1018.1166702001073,0.05
0.02,1037.082068482942,0.05
0.03,1047.44053263115,0.05
0.04,1054.2921830753414,0.05
0.05,1059.2378964351933,0.05
0.06,1062.9931306879619,0.05
0.07,1065.9417191138707,0.05
0.08,1068.3148158473125,0.05
0.09,1070.2634009754177,0.05
0.1,1071.8922832163682,0.05
0.11,1073.2777745167027,0.05
0.12,1074.477608290599,0.05
0.13,1075.5368427526664,0.05
0.14,1076.491544171824,0.05
0.15,1077.3711483632453,0.05
0.16,1078.2000715826923,0.05
0.17,1078.9987555346763,0.05
0.18,1079.784408554002,0.05
0.19,1080.571504477947,0.05
0.2,1081.3721145949087,0.05
0.21,1082.1961157557494,0.05
0.22,1083.0513042378075,0.05
0.23,1083.9434377675934,0.05
0.24,1084.8762253869493,0.05
0.25,1085.8512853904183,0.05
0.26,1086.868094319986,0.05
0.27,1087.9239537279273,0.05
0.28,1089.0140044620348,0.05
0.29,1090.1313185970512,0.05
0.3,1091.267094877503,0.05
0.31,1092.41097340301,0.05
0.32,1093.5514694527285,0.05
0.33,1094.676506842416,0.05
0.34,1095.774011803368,0.05
0.35,1096.8325137982267,0.05
0.36,1097.8416942583865,0.05
0.37,1098.7928301914221,0.05
0.38,1099.679095917668,0.05
0.39,1100.495708564343,0.05
0.4,1101.2399254069126,0.05
0.41,1101.910918413888,0.05
0.42,1102.509560612409,0.05
0.43,1103.0381602251216,0.05
0.44,1103.500174043701,0.05
0.45,1103.899924005699,0.05
0.46,1104.2423328681086,0.05
0.47,1104.5326877977611,0.05
0.48,1104.7764353363555,0.05
0.49,1104.9790076297909,0.05
0.5,1105.1456777783599,0.05
0.51,1105.2814412794833,0.05
0.52,1105.3909204152162,0.05
0.53,1105.4782887622823,0.05
0.54,1105.5472135310995,0.05
0.55,1105.6008140038768,0.05
0.56,1105.6416348332239,0.05
0.57,1105.671633323227,0.05
0.58,1105.6921800230714,0.05
0.59,1105.7040720244204,0.05
0.6,1105.7075582911261,0.05
0.61,1105.7023761946061,0.05
0.62,1105.6877982124252,0.05
0.63,1105.662687498296,0.05
0.64,1105.6255607695068,0.05
0.65,1105.5746567000085,0.05
0.66,1105.5080077716073,0.05
0.67,1105.4235133462448,0.05
0.68,1105.3190116090777,0.05
0.69,1105.1923480292498,0.05
0.7,1105.041438121264,0.05
0.71,1104.8643225784178,0.05
0.72,1104.6592132820674,0.05
0.73,1104.4245292325825,0.05
0.74,1104.1589220460287,0.05
0.75,1103.8612912514157,0.05
0.76,1103.5307901456895,0.05
0.77,1103.1668233710784,0.05
0.78,1102.769037645463,0.05
0.79,1102.3373071972023,0.05
0.8,1101.871715445773,0.05
0.81,1101.3725343559715,0.05
0.82,1100.8402027089555,0.05
0.83,1100.2753043104826,0.05
0.84,1099.6785469232857,0.05
0.85,1099.0507424873701,0.05
0.86,1098.3927889935471,0.05
0.87,1097.7056542086655,0.05
0.88,1096.990361318518,0.05
0.89,1096.2479764549273,0.05
0.9,1095.4795980034794,0.05
0.91,1094.6863475434875,0.05
0.92,1093.869362246868,0.05
0.93,1093.0297885533328,0.05
0.94,1092.1687769412927,0.05
0.95,1091.2874776237659,0.05
0.96,1090.3870370135514,0.05
0.97,1089.468594819622,0.05
0.98,1088.5332816556445,0.05
0.99,1087.5822170602216,0.05
1.0,1086.6165078463525,0.05
1.01,1085.6372467138765,0.05
1.02,1084.6455110731222,0.05
1.03,1083.642362040474,0.05
1.04,1082.6288435768784,0.05
1.05,1081.6059817489388,0.05
1.06,1080.5747840987303,0.05
1.07,1079.5362391136105,0.05
1.08,1078.491315790828,0.05
1.09,1077.4409632941301,0.05
1.1,1076.3861107009945,0.05
1.11,1075.3276668397416,0.05
1.12,1074.2665202157393,0.05
1.13,1073.2035390256592,0.05
1.14,1072.1395712579204,0.05
1.15,1071.0754448767145,0.05
1.16,1070.0119680860969,0.05
1.17,1068.9499296696492,0.05
1.18,1067.890099400484,0.05
1.19,1066.8332285154106,0.05
1.2,1065.7800502465366,0.05
1.21,1064.731280402822,0.05
1.22,1063.6876179935707,0.05
1.23,1062.649745885338,0.05
1.24,1061.6183314830942,0.05
1.25,1060.594027426049,0.05
1.26,1059.577472287824,0.05
1.27,1058.5692912699906,0.05
1.28,1057.5700968772196,0.05
1.29,1056.580489561419,0.05
1.3,1055.6010583211964,0.05
1.31,1054.6323812419537,0.05
1.32,1053.6750259608787,0.05
1.33,1052.7295500399623,0.05
1.34,1051.796501229266,0.05
1.35,1050.8764176018362,0.05
1.36,1049.9698275411927,0.05
1.37,1049.0772495623157,0.05
1.38,1048.1991919475076,0.05
1.39,1047.3361521798338,0.05
1.4,1046.4886161589768,0.05
1.41,1045.6570571875413,0.05
1.42,1044.8419347203105,0.05
1.43,1044.0436928746785,0.05
1.44,1043.2627587077234,0.05
1.45,1042.4995402739912,0.05
1.46,1041.754424488229,0.05
1.47,1041.0277748285982,0.05
1.48,1040.3199289283525,0.05
1.49,1039.63119611701,0.05
1.5,1038.9618549852112,0.05
1.51,1038.3121510599678,0.05
1.52,1037.6822946882114,0.05
1.53,1037.0724592353504,0.05
1.54,1036.4827797108605,0.05
1.55,1035.9133519341826,0.05
1.56,1035.3642323498366,0.05
1.57,1034.8354385906641,0.05
1.58,1034.3269508715648,0.05
1.59,1033.8387142733052,0.05
1.6,1033.3706419473426,0.05
1.61,1032.922619239244,0.05
1.62,1032.4945086915486,0.05
1.63,1032.0861558489835,0.05
1.64,1031.6973957519383,0.05
1.65,1031.3280599704192,0.05
1.66,1030.9779840026727,0.05
1.67,1030.6470148420417,0.05
1.68,1030.3350185041145,0.05
1.69,1030.0418873042631,0.05
1.7,1029.7675466834175,0.05
1.71,1029.511961396703,0.05
1.72,1029.27514090389,0.05
1.73,1029.0571438306895,0.05
1.74,1028.8580814037182,0.05
1.75,1028.6781197971243,0.05
1.76,1028.5174813634985,0.05
1.77,1028.3764447538974,0.05
1.78,1028.2553439602766,0.05
1.79,1028.1545663373934,0.05
1.8,1028.074549679941,0.05
1.81,1028.0157784440996,0.05
1.82,1027.978779211337,0.05
1.83,1027.964115496606,0.05
1.84,1027.9723820038232,0.05
1.85,1028.0041984295403,0.05
1.86,1028.0602029117597,0.05
1.87,1028.1410452157204,0.05
1.88,1028.2473797428056,0.05
1.89,1028.3798584430212,0.05
1.9,1028.5391237060987,0.05
1.91,1028.7258013015316,0.05
1.92,1028.9404934336621,0.05
1.93,1029.1837719745308,0.05
1.94,1029.4561719341168,0.05
1.95,1029.7581852251155,0.05
1.96,1030.0902547766518,0.05
1.97,1030.4527690487257,0.05
1.98,1030.8460569958493,0.05
1.99,1031.2703835245002,0.05
2.0,1031.7259454841865,0.05
2.01,1032.2128682261116,0.05
2.02,1032.7312027567198,0.05
2.03,1033.280923505669,0.05
2.04,1033.8619267193133,0.05
2.05,1034.4740294820158,0.05
2.06,1035.1169693586276,0.05
2.07,1035.7904046429323,0.05
2.08,1036.4939151891617,0.05
2.09,1037.2270037972235,0.05
2.1,1037.9890981174028,0.05
2.11,1038.779553037557,0.05
2.12,1039.5976535148254,0.05
2.13,1040.4426178152185,0.05
2.14,1041.3136011273905,0.05
2.15,1042.2096995213676,0.05
2.16,1043.1299542282493,0.05
2.17,1044.0733562224211,0.05
2.18,1045.0388510926048,0.05
2.19,1046.025344191618,0.05
2.2,1047.0317060562247,0.05
2.21,1048.056778087366,0.05
2.22,1049.0993784771165,0.05
2.23,1050.1583083619512,0.05
2.24,1051.23235817238,0.05
2.25,1052.3203141375568,0.05
2.26,1053.4209648907415,0.05
2.27,1054.533108108635,0.05
2.28,1055.655557105705,0.05
2.29,1056.7871472949205,0.05
2.3,1057.9267424198015,0.05
2.31,1059.0732404601083,0.05
2.32,1060.2255791154973,0.05
2.33,1061.3827407780284,0.05
2.34,1062.5437569153553,0.05
2.35,1063.7077118010739,0.05
2.36,1064.8737455462854,0.05
2.37,1066.0410564056554,0.05
2.38,1067.2089023512267,0.05
2.39,1068.3766019265497,0.05
2.4,1069.543534411549,0.05
2.41,1070.7091393439987,0.05
2.42,1071.8729154560071,0.05
2.43,1073.0344190931835,0.05
2.44,1074.1932621901003,0.05
2.45,1075.3491098784236,0.05
2.46,1076.5016778039405,0.05
2.47,1077.6507292261458,0.05
2.48,1078.7960719694313,0.05
2.49,1079.9375552889696,0.05
2.5,1081.0750667072948,0.05
2.51,1082.208528870127,0.05
2.52,1083.3378964622736,0.05
2.53,1084.463153216964,0.05
2.54,1085.5843090448432,0.05
2.55,1086.7013973023916,0.05
2.56,1087.8144722136306,0.05
2.57,1088.9236064539157,0.05
2.58,1090.0288889002627,0.05
2.59,1091.1304225489764,0.05
2.6,1092.2283225984716,0.05
2.61,1093.322714692773,0.05
2.62,1094.4137333194537,0.05
2.63,1095.5015203544656,0.05
2.64,1096.5862237454164,0.05
2.65,1097.6679963243266,0.05
2.66,1098.7469947406528,0.05
2.67,1099.8233785052973,0.05
2.68,1100.897309136513,0.05
2.69,1101.968949398872,0.05
2.7,1103.0384626268524,0.05
2.71,1104.1060121250546,0.05
2.72,1105.1717606375398,0.05
2.73,1106.2358698793216,0.05
2.74,1107.298500123549,0.05
2.75,1108.359809838462,0.05
2.76,1109.4199553687017,0.05
2.77,1110.4790906560459,0.05
2.78,1111.537366995133,0.05
2.79,1112.594932820138,0.05
2.8,1113.6519335188182,0.05
2.81,1114.7085112706989,0.05
2.82,1115.7648049065297,0.05
2.83,1116.820949786472,0.05
2.84,1117.8770776947426,0.05
2.85,1118.9333167487537,0.05
2.86,1119.9897913209566,0.05
2.87,1121.0466219718778,0.05
2.88,1122.1039253929762,0.05
2.89,1123.161814358137,0.05
2.9,1124.220397682759,0.05
2.91,1125.2797801895103,0.05
2.92,1126.3400626799566,0.05
2.93,1127.4013419113162,0.05
2.94,1128.4637105777215,0.05
2.95,1129.527257295387,0.05
2.96,1130.5920665911606,0.05
2.97,1131.6582188939642,0.05
2.98,1132.7257905286485,0.05
2.99,1133.7948537118411,0.05
3.0,1134.8654765493427,0.05
3.01,1135.937723034672,0.05
3.02,1137.0116530483458,0.05
3.03,1138.0873223574956,0.05
3.04,1139.1647826154356,0.05
3.05,1140.2440813607873,0.05
3.06,1141.3252620157994,0.05
3.07,1142.4083638834993,0.05
3.08,1143.4934221433543,0.05
3.09,1144.5804678451307,0.05
3.1,1145.6695279007004,0.05
3.11,1146.7606250735819,0.05
3.12,1147.853777966068,0.05
3.13,1148.9490010038699,0.05
3.14,1150.0463044182864,0.05
3.15,1151.145694226018,0.05
3.16,1152.2471722068378,0.05
3.17,1153.3507358794752,0.05
3.18,1154.456378476186,0.05
3.19,1155.564088916628,0.05
3.2,1156.67385178181,0.05
3.21,1157.7856472890392,0.05
3.22,1158.8994512689337,0.05
3.23,1160.0152351457346,0.05
3.24,1161.132965922284,0.05
3.25,1162.2526061711756,0.05
3.26,1163.3741140337163,0.05
3.27,1164.4974432284173,0.05
3.28,1165.6225430708387,0.05
3.29,1166.749358506638,0.05
3.3,1167.8778301597142,0.05
3.31,1169.0078943972985,0.05
3.32,1170.139483413805,0.05
3.33,1171.2725253351455,0.05
3.34,1172.4069443450662,0.05
3.35,1173.5426608348844,0.05
3.36,1174.679591577755,0.05
3.37,1175.8176499283438,0.05
3.38,1176.9567460484363,0.05
3.39,1178.096787158693,0.05
3.4,1179.2376778163507,0.05
3.41,1180.3793202182853,0.05
3.42,1181.5216145284242,0.05
3.43,1182.6644592280634,0.05
3.44,1183.8077514872439,0.05
3.45,1184.9513875549055,0.05
3.46,1186.0952631651796,0.05
3.47,1187.239273956811,0.05
3.48,1188.3833159024073,0.05
3.49,1189.5272857439422,0.05
3.5,1190.6710814307585,0.05
3.51,1191.8146025561684,0.05
3.52,1192.957750788683,0.05
3.53,1194.1004302939118,0.05
3.54,1195.2425481432363,0.05
3.55,1196.3840147054975,0.05
3.56,1197.5247440181413,0.05
3.57,1198.6646541345187,0.05
3.58,1199.8036674443442,0.05
3.59,1200.9417109646627,0.05
3.6,1202.0787165990603,0.05
3.61,1203.2146213632484,0.05
3.62,1204.3493675755835,0.05
3.63,1205.4829030114827,0.05
3.64,1206.6151810211422,0.05
3.65,1207.7461606103338,0.05
3.66,1208.87580648447,0.05
3.67,1210.0040890564592,0.05
3.68,1211.1309844192053,0.05
3.69,1212.2564742838952,0.05
3.7,1213.3805458854647,0.05
3.71,1214.5031918568418,0.05
3.72,1215.6244100737335,0.05
3.73,1216.744203471862,0.05
3.74,1217.8625798386404,0.05
3.75,1218.9795515813405,0.05
3.76,1220.0951354738293,0.05
3.77,1221.2093523839524,0.05
3.78,1222.322226983614,0.05
3.79,1223.433787443556,0.05
3.8,1224.5440651147692,0.05
3.81,1225.653094198408,0.05
3.82,1226.7609114059708,0.05
3.83,1227.8675556114392,0.05
3.84,1228.9730674969614,0.05
3.85,1230.0774891935691,0.05
3.86,1231.1808639183423,0.05
3.87,1232.2832356093318,0.05
3.88,1233.3846485594852,0.05
3.89,1234.4851470507513,0.05
3.9,1235.5847749894658,0.05
3.91,1236.6835755440952,0.05
3.92,1237.7815907863585,0.05
3.93,1238.8788613367308,0.05
3.94,1239.975426015321,0.05
3.95,1241.0713214991035,0.05
3.96,1242.1665819865018,0.05
3.97,1243.2612388703337,0.05
3.98,1244.3553204201544,0.05
3.99,1245.4488514750649,0.05
4.0,1246.5418531481062,0.05
4.01,1247.6343425433731,0.05
4.02,1248.7263324870646,0.05
4.03,1249.817831273704,0.05
4.04,1250.9088424288177,0.05
4.05,1251.9993644894075,0.05
4.06,1253.0893908035723,0.05
4.07,1254.178909350667,0.05
4.08,1255.2679025834075,0.05
4.09,1256.356347293315,0.05
4.1,1257.4442145008934,0.05
4.11,1258.5314693718929,0.05
4.12,1259.6180711609588,0.05
4.13,1260.7039731839,0.05
4.14,1261.7891228196945,0.05
4.15,1262.8734615432547,0.05
4.16,1263.9569249897943,0.05
4.17,1265.0394430514943,0.05
4.18,1266.1209400069527,0.05
4.19,1267.2013346836743,0.05
4.2,1268.2805406536265,0.05
4.21,1269.3584664616035,0.05
4.22,1270.4350158858622,0.05
4.23,1271.5100882301924,0.05
4.24,1272.58357864627,0.05
4.25,1273.655378484822,0.05
4.26,1274.7253756738141,0.05
4.27,1275.7934551215596,0.05
4.28,1276.859499142336,0.05
4.29,1277.923387901817,0.05
4.3,1278.984999879355,0.05
4.31,1280.044212343916,0.05
4.32,1281.1009018402663,0.05
4.33,1282.154944681849,0.05
4.34,1283.206217446667,0.05
4.35,1284.2545974724228,0.05
4.36,1285.2999633471366,0.05
4.37,1286.34219539151,0.05
4.38,1287.3811761293684,0.05
4.39,1288.4167907426645,0.05
4.4,1289.4489275076987,0.05
4.41,1290.4774782094487,0.05
4.42,1291.5023385311692,0.05
4.43,1292.5234084167262,0.05
4.44,1293.5405924034692,0.05
4.45,1294.5537999238147,0.05
4.46,1295.562945574067,0.05
4.47,1296.567949349416,0.05
4.48,1297.5687368444187,0.05
4.49,1298.5652394186507,0.05
4.5,1299.5573943276072,0.05
4.51,1300.5451448192514,0.05
4.52,1301.5284401969575,0.05
4.53,1302.5072358498921,0.05
4.54,1303.4814932521372,0.05
4.55,1304.451179932106,0.05
4.56,1305.4162694139868,0.05
4.57,1306.3767411331257,0.05
4.58,1307.3325803273797,0.05
4.59,1308.283777906556,0.05
4.6,1309.2303303021274,0.05
4.61,1310.1722392994143,0.05
4.62,1311.1095118544433,0.05
4.63,1312.042159897643,0.05
4.64,1312.9702001264934,0.05
4.65,1313.8936537891616,0.05
4.66,1314.8125464610778,0.05
4.67,1315.726907816284,0.05
4.68,1316.6367713952789,0.05
4.69,1317.5421743709617,0.05
4.7,1318.4431573141462,0.05
4.71,1319.339763959967,0.05
4.72,1320.2320409764066,0.05
4.73,1321.120037735994,0.05
4.74,1322.0038060916356,0.05
4.75,1322.8834001573896,0.05
4.76,1323.7588760949009,0.05
4.77,1324.6302919060704,0.05
4.78,1325.4977072324655,0.05
4.79,1326.3611831618489,0.05
4.8,1327.2207820421365,0.05
4.81,1328.0765673029994,0.05
4.82,1328.9286032852547,0.05
4.83,1329.7769550781347,0.05
4.84,1330.6216883644483,0.05
4.85,1331.462869273607,0.05
4.86,1332.3005642424444,0.05
4.87,1333.1348398837129,0.05
4.88,1333.965762862117,0.05
4.89,1334.7933997777034,0.05
4.9,1335.6178170564222,0.05
4.91,1336.4390808476385,0.05
4.92,1337.2572569283748,0.05
4.93,1338.0724106140442,0.05
4.94,1338.884606675429,0.05
4.95,1339.693909261662,0.05
4.96,1340.5003818289583,0.05
4.97,1341.304087074845,0.05
4.98,1342.105086877648,0.05
4.99,1342.9034422409838,0.05
5.0,1343.699213243023,0.05
