rho_B,mu_B,eB
0.01,951.4946961004266,0.3
0.02,969.9855224304947,0.3
0.03,979.8407106005466,0.3
0.04,986.1576395472173,0.3
0.05,990.534067178812,0.3
0.06,993.6819497640544,0.3
0.07,995.9813230256252,0.3
0.08,997.6592706491178,0.3
0.09,998.8624939656397,0.3
0.1,999.6913785003273,0.3
0.11,1000.217737015738,0.3
0.12,1000.494799338684,0.3
0.13,1000.5631896035366,0.3
0.14,1000.4546818736568,0.3
0.15,1000.1946567342827,0.3
0.16,999.803763253192,0.3
0.17,999.2990760387078,0.3
0.18,998.6949209131737,0.3
0.19,998.0034769059289,0.3
0.2,997.2352235239426,0.3
0.21,996.3992786656149,0.3
0.22,995.5036577457179,0.3
0.23,994.5554750713608,0.3
0.24,993.5611032462531,0.3
0.25,992.526294653625,0.3
0.26,991.4562899047734,0.3
0.27,990.3558942411382,0.3
0.28,989.2295459105964,0.3
0.29,988.0813710552244,0.3
0.3,986.9152290511792,0.3
0.31,985.7347501192388,0.3
0.32,984.5433666070909,0.3
0.33,983.3443390287991,0.3
0.34,982.1407777054865,0.3
0.35,980.9356606649832,0.3
0.36,979.7318483130272,0.3
0.37,978.5320952746008,0.3
0.38,977.3390597138404,0.3
0.39,976.1553103692692,0.3
0.4,974.9833314840155,0.3
0.41,973.8255257652132,0.3
0.42,972.6842154708994,0.3
0.43,971.5616416947648,0.3
0.44,970.4599618980623,0.3
0.45,969.3812457229569,0.3
0.46,968.3274691120321,0.3
0.47,967.3005067543396,0.3
0.48,966.3021228789801,0.3
0.49,965.3339604228281,0.3
0.5,964.3975286098647,0.3
0.51,963.49418899615,0.3
0.52,962.6251400571578,0.3
0.53,961.7914004241346,0.3
0.54,960.9937909136004,0.3
0.55,960.2329155400989,0.3
0.56,959.509141756281,0.3
0.57,958.8225802257474,0.3
0.58,958.1730645003114,0.3
0.59,957.5601310412918,0.3
0.6,956.9829987476064,0.3
0.61,956.4405564283531,0.3
0.62,955.9313396076404,0.3
0.63,955.4535223149458,0.3
0.64,955.0049062566397,0.3
0.65,954.5829151881647,0.3
0.66,954.1845940413449,0.3
0.67,953.8066135264507,0.3
0.68,953.4452809229214,0.3
0.69,953.0965594254711,0.3
0.7,952.7560862578504,0.3
0.71,952.4192164239392,0.3
0.72,952.081056354959,0.3
0.73,951.7365145341457,0.3
0.74,951.3803573750578,0.3
0.75,951.0072710552118,0.3
0.76,950.6119276804174,0.3
0.77,950.1890537698436,0.3
0.78,949.733498800228,0.3
0.79,949.2403014626611,0.3
0.8,948.704751375615,0.3
0.81,948.122446407932,0.3
0.82,947.4893310786886,0.3
0.83,946.8017468871515,0.3
0.84,946.0564516042364,0.3
0.85,945.2506386800501,0.3
0.86,944.3819446955688,0.3
0.87,943.4484475533704,0.3
0.88,942.4486563926397,0.3
0.89,941.3814944361675,0.3
0.9,940.2462751669707,0.3
0.91,939.0426790764724,0.3
0.92,937.7707171092238,0.3
0.93,936.4307031270515,0.3
0.94,935.0232201122772,0.3
0.95,933.549087848581,0.3
0.96,932.0093316753312,0.3
0.97,930.4051529042624,0.3
0.98,928.7379013211511,0.3
0.99,927.0090500458474,0.3
1.0,925.2201728970066,0.3
1.01,923.3729243030324,0.3
1.02,921.4690217186638,0.3
1.03,919.5102304445849,0.3
1.04,917.4983507042491,0.3
1.05,915.4352068032433,0.3
1.06,913.3226381809392,0.3
1.07,911.1624921577294,0.3
1.08,908.9566181825542,0.3
1.09,906.7068633918101,0.3
1.1,904.4150693009562,0.3
1.11,902.0830694623984,0.3
1.12,899.7126879365835,0.3
1.13,897.3057384368487,0.3
1.14,894.8640240213113,0.3
1.15,892.3893372173003,0.3
1.16,889.88346047401,0.3
1.17,887.3481668481753,0.3
1.18,884.7852208346521,0.3
1.19,882.196379259422,0.3
1.2,879.5833921566484,0.3
1.21,876.9480035545954,0.3
1.22,874.2919520974872,0.3
1.23,871.6169714325787,0.3
1.24,868.9247902943721,0.3
1.25,866.2171322211688,0.3
1.26,863.4957148441824,0.3
1.27,860.7622486962038,0.3
1.28,858.0184354958305,0.3
1.29,855.2659658749066,0.3
1.3,852.5065165308242,0.3
1.31,849.7417468017974,0.3
1.32,846.9732946817363,0.3
1.33,844.2027723112006,0.3
1.34,841.4317610017849,0.3
1.35,838.6618058718475,0.3
1.36,835.8944101912111,0.3
1.37,833.1310295500684,0.3
1.38,830.3730659820118,0.3
1.39,827.6218621815888,0.3
1.4,824.8786959629016,0.3
1.41,822.1447751060828,0.3
1.42,819.4212327333805,0.3
1.43,816.7091233455249,0.3
1.44,814.0094196325459,0.3
1.45,811.3230101519783,0.3
1.46,808.6506979417998,0.3
1.47,805.9932001077485,0.3
1.48,803.3511483950684,0.3
1.49,800.7250907256397,0.3
1.5,798.115493653732,0.3
1.51,795.5227456689965,0.3
1.52,792.9471612543744,0.3
1.53,790.3889855906235,0.3
1.54,787.8483997883556,0.3
1.55,785.3255265225545,0.3
1.56,782.8204359442426,0.3
1.57,780.3331517475212,0.3
1.58,777.8636572778427,0.3
1.59,775.4119015783203,0.3
1.6,772.9778052830577,0.3
1.61,770.5612662809664,0.3
1.62,768.1621650875761,0.3
1.63,765.7803698769869,0.3
1.64,763.4157411392682,0.3
1.65,761.068135941467,0.3
1.66,758.7374117811798,0.3
1.67,756.4234300314496,0.3
1.68,754.1260589838013,0.3
1.69,751.8451765028545,0.3
1.7,749.5806723112701,0.3
1.71,747.3324499278973,0.3
1.72,745.1004282852084,0.3
1.73,742.8845430541337,0.3
1.74,740.6847477062743,0.3
1.75,738.5010143444346,0.3
1.76,736.3333343331592,0.3
1.77,734.1817187614668,0.3
1.78,732.0461987700858,0.3
1.79,729.9268257756422,0.3
1.8,727.8236716240946,0.3
1.81,725.7368287051934,0.3
1.82,723.6664100592166,0.3
1.83,721.6125495061925,0.3
1.84,719.5754018260648,0.3
1.85,717.5551430164301,0.3
1.86,715.5519706514717,0.3
1.87,713.5661043620812,0.3
1.88,711.5977864528697,0.3
1.89,709.6472826661723,0.3
1.9,707.7148830970688,0.3
1.91,705.8009032562011,0.3
1.92,703.9056852693701,0.3
1.93,702.0295991945296,0.3
1.94,700.1730444278843,0.3
1.95,698.3364511621493,0.3
1.96,696.5202818511933,0.3
1.97,694.7250326274436,0.3
1.98,692.9512346113556,0.3
1.99,691.1994550463841,0.3
2.0,689.4702981893453,0.3
2.01,687.7644058841229,0.3
2.02,686.0824577478273,0.3
2.03,684.4251709026989,0.3
2.04,682.7932991947192,0.3
2.05,681.1876318517515,0.3
2.06,679.6089915500717,0.3
2.07,678.0582318792332,0.3
2.08,676.5362342207696,0.3
2.09,675.0439040868689,0.3
2.1,673.5821669997234,0.3
2.11,672.151964030258,0.3
2.12,670.754247154498,0.3
2.13,669.3899746246117,0.3
2.14,668.060106586829,0.3
2.15,666.7656012060429,0.3
2.16,665.5074115732714,0.3
2.17,664.2864836726675,0.3
2.18,663.1037556663451,0.3
2.19,661.9601587150156,0.3
2.2,660.8566194895238,0.3
2.21,659.7940644442219,0.3
2.22,658.77342582128,0.3
2.23,657.795649241658,0.3
2.24,656.8617026212925,0.3
2.25,655.9725860391051,0.3
2.26,655.1293420853328,0.3
2.27,654.3330661419527,0.3
2.28,653.5849159970435,0.3
2.29,652.8861201737446,0.3
2.3,652.2379843620187,0.3
2.31,651.6418953737623,0.3
2.32,651.0993220942134,0.3
2.33,650.6118129689598,0.3
2.34,650.1809896405465,0.3
2.35,649.8085364276823,0.3
2.36,649.4961854210386,0.3
2.37,649.2456970537496,0.3
2.38,649.0588360949044,0.3
2.39,648.9373431173296,0.3
2.4,648.8829016144786,0.3
2.41,648.8971010953143,0.3
2.42,648.9813966796703,0.3
2.43,649.1370659573101,0.3
2.44,649.3651641641064,0.3
2.45,649.6664790632625,0.3
2.46,650.0414872811202,0.3
2.47,650.4903142041081,0.3
2.48,651.0126998470691,0.3
2.49,651.6079732905451,0.3
2.5,652.2750382827492,0.3
2.51,653.0123723429876,0.3
2.52,653.818041139342,0.3
2.53,654.6897290382678,0.3
2.54,655.6247855877614,0.3
2.55,656.6202864120371,0.3
2.56,657.6731057291443,0.3
2.57,658.7799966420379,0.3
2.58,659.9376746691294,0.3
2.59,661.1428997854474,0.3
2.6,662.3925525654702,0.3
2.61,663.6837007865329,0.3
2.62,665.0136539257683,0.3
2.63,666.3800041840807,0.3
2.64,667.7806538222261,0.3
2.65,669.2138295570686,0.3
2.66,670.6780854594599,0.3
2.67,672.1722961933039,0.3
2.68,673.695642562586,0.3
2.69,675.2475912418766,0.3
2.7,676.82787032165,0.3
2.71,678.4364419672203,0.3
2.72,680.0734731225454,0.3
2.73,681.7393048292817,0.3
2.74,683.434420404052,0.3
2.75,685.1594124417051,0.3
2.76,686.9149483996047,0.3
2.77,688.701734376585,0.3
2.78,690.5204766388815,0.3
2.79,692.3718404749062,0.3
2.8,694.2564060959189,0.3
2.81,696.1746215569166,0.3
2.82,698.1267530666642,0.3
2.83,700.1128335961477,0.3
2.84,702.1326113726781,0.3
2.85,704.1855006263193,0.3
2.86,706.2705377615619,0.3
2.87,708.3863468375941,0.3
2.88,710.5311186897934,0.3
2.89,712.702608021591,0.3
2.9,714.8981521658436,0.3
2.91,717.1147138577231,0.3
2.92,719.3489483139522,0.3
2.93,721.59729238998,0.3
2.94,723.8560709726389,0.3
2.95,726.121613545645,0.3
2.96,728.390372500989,0.3
2.97,730.6590345628629,0.3
2.98,732.9246176883688,0.3
2.99,735.1845477860724,0.3
3.0,737.4367121268298,0.3
3.01,739.6794889204125,0.3
3.02,741.911754768801,0.3
3.03,744.1328733092853,0.3
3.04,746.3426692346773,0.3
3.05,748.5413920833844,0.3
3.06,750.7296738835826,0.3
3.07,752.9084841007291,0.3
3.08,755.0790845507028,0.3
3.09,757.2429861365227,0.3
3.1,759.4019085318901,0.3
3.11,761.5577433144451,0.3
3.12,763.7125205577368,0.3
3.13,765.8683785155113,0.3
3.14,768.027535756467,0.3
3.15,770.19226491044,0.3
3.16,772.3648670487551,0.3
3.17,774.5476456277856,0.3
3.18,776.7428788684246,0.3
3.19,778.9527894264936,0.3
3.2,781.1795102408464,0.3
3.21,783.4250455480163,0.3
3.22,785.6912262560944,0.3
3.23,787.9796592162498,0.3
3.24,790.2916704630574,0.3
3.25,792.6282432556638,0.3
3.26,794.9899527633551,0.3
3.27,797.376900483858,0.3
3.28,799.7886528762532,0.3
3.29,802.2241900573042,0.3
3.3,804.6818714716366,0.3
3.31,807.1594258419083,0.3
3.32,809.6539720582559,0.3
3.33,812.1620757019527,0.3
3.34,814.6798425872412,0.3
3.35,817.2030463810527,0.3
3.36,819.7272827358518,0.3
3.37,822.2481384063818,0.3
3.38,824.7613614534285,0.3
3.39,827.2630184673358,0.3
3.4,829.7496268163233,0.3
3.41,832.2182537129761,0.3
3.42,834.6665784908062,0.3
3.43,837.0929189143972,0.3
3.44,839.4962258477751,0.3
3.45,841.8760527832098,0.3
3.46,844.2325075670025,0.3
3.47,846.5661933980188,0.3
3.48,848.8781451894824,0.3
3.49,851.1697660447576,0.3
3.5,853.4427671970304,0.3
3.51,855.6991134923597,0.3
3.52,857.9409754514131,0.3
3.53,860.1706881524221,0.3
3.54,862.3907166167226,0.3
3.55,864.6036270072466,0.3
3.56,866.8120627212351,0.3
3.57,869.0187243261058,0.3
3.58,871.226352213766,0.3
3.59,873.4377108044152,0.3
3.6,875.655573095375,0.3
3.61,877.8827043111245,0.3
3.62,880.1218433626569,0.3
3.63,882.3756807706253,0.3
3.64,884.6468316596347,0.3
3.65,886.9378024134849,0.3
3.66,889.2509496294581,0.3
3.67,891.5884301757371,0.3
3.68,893.9521415079757,0.3
3.69,896.3436520205811,0.3
3.7,898.7641221804898,0.3
3.71,901.214218583431,0.3
3.72,903.6940248990109,0.3
3.73,906.2029558423745,0.3
3.74,908.7396825804584,0.3
3.75,911.3020799072486,0.3
3.76,913.8872064815974,0.3
3.77,916.491328714005,0.3
3.78,919.1099959596056,0.3
3.79,921.7381694009268,0.3
3.8,924.3703999497048,0.3
3.81,927.0010429624423,0.3
3.82,929.6244913151894,0.3
3.83,932.2354050883076,0.3
3.84,934.8289167131309,0.3
3.85,937.400794758424,0.3
3.86,939.9475563722955,0.3
3.87,942.4665259768394,0.3
3.88,944.9558444586853,0.3
3.89,947.4144377102349,0.3
3.9,949.8419556090754,0.3
3.91,952.2386926592085,0.3
3.92,954.6055001874938,0.3
3.93,956.9436978898153,0.3
3.94,959.2549902337685,0.3
3.95,961.5413911327228,0.3
3.96,963.805158605292,0.3
3.97,966.0487398769004,0.3
3.98,968.2747265309449,0.3
3.99,970.4858187994763,0.3
4.0,972.6847978102546,0.3
4.01,974.8745044991646,0.3
4.02,977.0578238890089,0.3
4.03,979.2376734787425,0.3
4.04,981.4169945461776,0.3
4.05,983.5987452182113,0.3
4.06,985.7858941903303,0.3
4.07,987.981413972093,0.3
4.08,990.1882724927627,0.3
4.09,992.4094218208966,0.3
4.1,994.6477826377456,0.3
4.11,996.9062229677963,0.3
4.12,999.1875295311416,0.3
4.13,1001.4943699760081,0.3
4.14,1003.8292442290275,0.3
4.15,1006.1944233438554,0.3
4.16,1008.591874641159,0.3
4.17,1011.0231727462141,0.3
4.18,1013.4893974866688,0.3
4.19,1015.9910216314456,0.3
4.2,1018.5277941667536,0.3
4.21,1021.0986280774866,0.3
4.22,1023.701505018224,0.3
4.23,1026.3334120607435,0.3
4.24,1028.9903268298015,0.3
4.25,1031.6672656313365,0.3
4.26,1034.358403821086,0.3
4.27,1037.0572687172835,0.3
4.28,1039.7569941573915,0.3
4.29,1042.4506148557982,0.3
4.3,1045.131371036437,0.3
4.31,1047.792991730508,0.3
4.32,1050.4299293111983,0.3
4.33,1053.0375269748258,0.3
4.34,1055.6121122727318,0.3
4.35,1058.1510204918677,0.3
4.36,1060.6525595028854,0.3
4.37,1063.1159317603133,0.3
4.38,1065.5411297462388,0.3
4.39,1067.9288192921495,0.3
4.4,1070.2802220631256,0.3
4.41,1072.5970050251874,0.3
4.42,1074.8811815817692,0.3
4.43,1077.135026570331,0.3
4.44,1079.3610055232532,0.3
4.45,1081.5617174447973,0.3
4.46,1083.7398497038637,0.3
4.47,1085.898143347795,0.3
4.48,1088.0393670810554,0.3
4.49,1090.1662982275975,0.3
4.5,1092.281709138007,0.3
4.51,1094.3883576659525,0.3
4.52,1096.488980494335,0.3
4.53,1098.5862882232007,0.3
4.54,1100.6829612303334,0.3
4.55,1102.7816453779906,0.3
4.56,1104.8849466653191,0.3
4.57,1106.9954239176277,0.3
4.58,1109.1155785654337,0.3
4.59,1111.2478405051136,0.3
4.6,1113.3945489605483,0.3
4.61,1115.5579271986608,0.3
4.62,1117.7400499172284,0.3
4.63,1119.9428021582155,0.3
4.64,1122.167828755342,0.3
4.65,1124.4164736671007,0.3
4.66,1126.6897091540518,0.3
4.67,1128.9880557131605,0.3
4.68,1131.3114950454697,0.3
4.69,1133.6593801186614,0.3
4.7,1136.0303485064424,0.3
4.71,1138.422247404092,0.3
4.72,1140.832080606706,0.3
4.73,1143.2559886876809,0.3
4.74,1145.6892729436638,0.3
4.75,1148.1264708175815,0.3
4.76,1150.5614853209026,0.3
4.77,1152.98776396127,0.3
4.78,1155.3985150891765,0.3
4.79,1157.7869431511408,0.3
4.8,1160.1464807798893,0.3
4.81,1162.4709959919744,0.3
4.82,1164.7549569318032,0.3
4.83,1166.9935434536562,0.3
4.84,1169.1827026043122,0.3
4.85,1171.3191520164598,0.3
4.86,1173.4003401564555,0.3
4.87,1175.4243724740631,0.3
4.88,1177.3899292722874,0.3
4.89,1179.29615117727,0.3
4.9,1181.1425455733543,0.3
4.91,1182.9288869601282,0.3
4.92,1184.6551277797582,0.3
4.93,1186.3213195747269,0.3
4.94,1187.9275450903667,0.3
4.95,1189.4738610567208,0.3
4.96,1190.960250868365,0.3
4.97,1192.3865861397517,0.3
4.98,1193.752596065373,0.3
4.99,1195.0578435919783,0.3
5.0,1196.3017075651148,0.3
