T,mu_B,phi_u,phi_d,phi_s,Phi1,Phi2
300.0,0.0,0.015262346527545581,0.015262346527545581,0.40408069840807204,0.8405791825951168,0.8405791825951168
299.0,0.0,0.015734050086810874,0.015734050086810874,0.41523005804659896,0.8394160365165984,0.8394160365165984
298.0,0.0,0.01621425896487629,0.01621425896487629,0.42650312736231144,0.8382409966020162,0.8382409966020162
297.0,0.0,0.016703239770550483,0.016703239770550483,0.43790040703914146,0.8370538889390409,0.8370538889390409
296.0,0.0,0.01720127071917748,0.01720127071917748,0.4494223209046946,0.8358545362037959,0.835854536203796
295.0,0.0,0.017708642244353288,0.017708642244353288,0.4610692107678183,0.8346427575922596,0.8346427575922596
294.0,0.0,0.018225657646613967,0.018225657646613967,0.47284133111806387,0.8334183687509858,0.8334183687509858
293.0,0.0,0.018752633781649854,0.018752633781649854,0.4847388436990777,0.8321811817071726,0.8321811817071726
292.0,0.0,0.01928990179081647,0.01928990179081647,0.49676181197007774,0.8309310047980699,0.8309310047980699
291.0,0.0,0.01983780787692904,0.01983780787692904,0.5089101954716148,0.8296676425998645,0.8296676425998645
290.0,0.0,0.020396714128606844,0.02039671412860683,0.5211838441146882,0.8283908958557072,0.8283908958557072
289.0,0.0,0.020966999396671526,0.020966999396671508,0.5335824924138756,0.8271005614032939,0.8271005614032939
288.0,0.0,0.021549060226459724,0.021549060226459752,0.5461057536887532,0.8257964321014203,0.8257964321014203
287.0,0.0,0.022143311850191083,0.022143311850191034,0.5587531142592163,0.8244782967560316,0.8244782967560316
286.0,0.0,0.022750189243968356,0.022750189243968377,0.5715239276642807,0.8231459400451028,0.8231459400451028
285.0,0.0,0.023370148254339942,0.02337014825433992,0.5844174089353172,0.8217991424427393,0.8217991424427393
284.0,0.0,0.02400366679986644,0.024003666799866416,0.5974326289584067,0.8204376801419522,0.8204376801419522
283.0,0.0,0.024651246153597994,0.02465124615359794,0.610568508962151,0.819061324976255,0.819061324976255
282.0,0.0,0.02531341231296241,0.025313412312962393,0.6238238151703848,0.8176698443397025,0.8176698443397025
281.0,0.0,0.025990717464174733,0.02599071746417474,0.6371971536612125,0.8162630011052266,0.8162630011052266
280.0,0.0,0.026683741548987516,0.026683741548987543,0.6506869654760895,0.8148405535409081,0.8148405535409081
279.0,0.0,0.02739309394236164,0.02739309394236166,0.6642915220243224,0.8134022552240289,0.8134022552240288
278.0,0.0,0.02811941525052651,0.028119415250526594,0.6780089208303492,0.811947854952324,0.811947854952324
277.0,0.0,0.02886337923983129,0.028863379239831295,0.6918370816717695,0.8104770966523273,0.8104770966523273
276.0,0.0,0.029625694907908135,0.02962569490790814,0.7057737431576898,0.8089897192839968,0.8089897192839968
275.0,0.0,0.030407108709828032,0.030407108709828063,0.719816459796461,0.8074854567414742,0.8074854567414742
274.0,0.0,0.03120840695331702,0.031208406953316982,0.7339625996024189,0.8059640377491609,0.8059640377491609
273.0,0.0,0.03203041837858544,0.032030418378585446,0.7482093422900553,0.8044251857526132,0.8044251857526132
272.0,0.0,0.03287401694003082,0.03287401694003078,0.7625536781029704,0.8028686188035192,0.8028686188035192
271.0,0.0,0.033740124808961394,0.03374012480896138,0.7769924073227101,0.8012940494380979,0.8012940494380979
270.0,0.0,0.03462971561863615,0.03462971561863613,0.7915221405002244,0.7997011845480423,0.7997011845480423
269.0,0.0,0.03554381797531216,0.03554381797531213,0.8061392994491566,0.7980897252431443,0.7980897252431443
268.0,0.0,0.0364835192616883,0.0364835192616883,0.8208401190360908,0.7964593667047694,0.7964593667047694
267.0,0.0,0.03744996976220348,0.03744996976220348,0.8356206497984805,0.7948097980290014,0.7948097980290014
266.0,0.0,0.038444387143059124,0.038444387143059124,0.8504767614150649,0.7931407020586795,0.7931407020586795
265.0,0.0,0.03946806132377878,0.03946806132377878,0.8654041470484407,0.791451755202808,0.791451755202808
264.0,0.0,0.040522359781464734,0.040522359781464734,0.8803983285718882,0.7897426272425682,0.7897426272425682
263.0,0.0,0.04160873333397242,0.04160873333397242,0.8954546626865644,0.788012981122341,0.788012981122341
262.0,0.0,0.04272872245386637,0.04272872245386637,0.9105683479271346,0.7862624727245269,0.7862624727245269
261.0,0.0,0.04388396417149078,0.04388396417149078,0.9257344325464262,0.784490750626809,0.784490750626809
260.0,0.0,0.04507619963287612,0.04507619963287612,0.9409478232620607,0.7826974558402081,0.7826974558402081
259.0,0.0,0.046307282386579725,0.046307282386579725,0.9562032948398886,0.7808822215265347,0.7808822215265347
258.0,0.0,0.047579187483224074,0.047579187483224074,0.9714955004816382,0.7790446726933705,0.7790446726933705
257.0,0.0,0.04889402148247931,0.04889402148247931,0.9868189829764423,0.7771844258650297,0.7771844258650296
256.0,0.0,0.05025403347495942,0.05025403347495942,1.0021681865693142,0.7753010887273721,0.7753010887273721
255.0,0.0,0.05166162724103536,0.05166162724103536,1.0175374694929282,0.7733942597445977,0.7733942597445977
254.0,0.0,0.05311937468540699,0.05311937468540699,1.0329211171035335,0.7714635277457986,0.7714635277457986
253.0,0.0,0.054630030705714636,0.054630030705714636,1.0483133555572997,0.7695084714788458,0.7695084714788458
252.0,0.0,0.056196549675974795,0.056196549675974795,1.063708365959564,0.7675286591290416,0.7675286591290416
251.0,0.0,0.05782210375175728,0.05782210375175728,1.0791002989171408,0.7655236477997043,0.7655236477997043
250.0,0.0,0.059510103234462604,0.059510103234462604,1.0944832894229235,0.7634929829514043,0.7634929829514043
249.0,0.0,0.06126421926750002,0.06126421926750002,1.109851472002382,0.7614361977963632,0.7614361977963632
248.0,0.0,0.06308840917867659,0.06308840917867659,1.1251989960537476,0.7593528126438929,0.7593528126438929
247.0,0.0,0.06498694483170214,0.06498694483170214,1.1405200413175665,0.7572423341922966,0.7572423341922966
246.0,0.0,0.0669644444068482,0.0669644444068482,1.1558088334170857,0.7551042547618805,0.7551042547618805
245.0,0.0,0.0690259080980863,0.0690259080980863,1.1710596594188332,0.7529380514628842,0.7529380514628842
244.0,0.0,0.07117675829346434,0.07117675829346434,1.186266883372631,0.7507431852912148,0.7507431852912148
243.0,0.0,0.07342288489958915,0.07342288489958915,1.2014249618029558,0.7485191001434149,0.7485191001434149
242.0,0.0,0.07577069658273757,0.07577069658273757,1.2165284591385732,0.746265221740873,0.746265221740873
241.0,0.0,0.07822717883200389,0.07822717883200389,1.2315720630853033,0.7439809564514697,0.7439809564514697
240.0,0.0,0.08079995990854046,0.08079995990854046,1.2465505999686388,0.7416656899942632,0.7416656899942632
239.0,0.0,0.08349738593463889,0.08349738593463889,1.2614590500980596,0.7393187860102072,0.7393187860102072
238.0,0.0,0.08632860660403019,0.08632860660403019,1.2762925632353375,0.73693958447817,0.73693958447817
237.0,0.0,0.08930367326847888,0.08930367326847888,1.2910464742850083,0.7345273999510439,0.7345273999510439
236.0,0.0,0.0924336514856245,0.0924336514856245,1.3057163193680734,0.7320815195814068,0.7320815195814068
235.0,0.0,0.09573075051171681,0.09573075051171681,1.3202978524919835,0.7296012008989017,0.7296012008989017
234.0,0.0,0.09920847270544383,0.09920847270544383,1.3347870630926535,0.7270856692930042,0.7270856692930043
233.0,0.0,0.10288178639453395,0.10288178639453395,1.349180194801351,0.7245341151435686,0.7245341151435686
232.0,0.0,0.10676732646786238,0.10676732646786238,1.3634737658844216,0.721945690527445,0.721945690527445
231.0,0.0,0.11088362782041261,0.11088362782041261,1.37766459192228,0.7193195054113435,0.7193195054113434
230.0,0.0,0.11525139782980694,0.11525139782980694,1.391749811443046,0.7166546232177402,0.7166546232177402
229.0,0.0,0.11989383532047698,0.11989383532047698,1.4057269154139473,0.713950055620893,0.713950055620893
228.0,0.0,0.12483700502044573,0.12483700502044573,1.4195937817337294,0.7112047563904568,0.7112047563904568
227.0,0.0,0.13011027838520323,0.13011027838520323,1.43334871617502,0.7084176140499471,0.7084176140499471
226.0,0.0,0.13574685390473282,0.13574685390473282,1.4469905016198934,0.7055874430500927,0.7055874430500927
225.0,0.0,0.14178437266606567,0.14178437266606567,1.4605184579389079,0.7027129730699675,0.7027129730699675
224.0,0.0,0.1482656480358149,0.1482656480358149,1.4739325155188996,0.6997928359430912,0.6997928359430913
223.0,0.0,0.15523953182187844,0.15523953182187844,1.487233306289049,0.6968255495531996,0.6968255495531996
222.0,0.0,0.1627619430307528,0.1627619430307528,1.5004222771794902,0.6938094978426884,0.6938094978426884
221.0,0.0,0.1708970890114571,0.1708970890114571,1.5135018323293394,0.6907429058105498,0.6907429058105498
220.0,0.0,0.17971891165010612,0.17971891165010612,1.5264755120988205,0.6876238080268933,0.6876238080268934
219.0,0.0,0.18931279196694545,0.18931279196694545,1.5393482190712922,0.6844500087362362,0.6844500087362362
218.0,0.0,0.19977754243350235,0.19977754243350235,1.5521265037362246,0.6812190310396747,0.6812190310396747
217.0,0.0,0.21122770307768812,0.21122770307768812,1.564818925263113,0.6779280519236869,0.6779280519236869
216.0,0.0,0.22379612725624404,0.22379612725624404,1.577436505250417,0.674573819052944,0.674573819052944
215.0,0.0,0.2376367829909736,0.2376367829909736,1.5899932935070205,0.6711525443432864,0.6711525443432864
214.0,0.0,0.2529275854413237,0.2529275854413237,1.6025070626188378,0.6676597685930135,0.6676597685930133
213.0,0.0,0.26987288449712715,0.26987288449712715,1.6150001381000572,0.6640901913642948,0.6640901913642948
212.0,0.0,0.2887049166158137,0.2887049166158137,1.6275003458986486,0.6604374618578818,0.6604374618578818
211.0,0.0,0.30968304592538765,0.30968304592538765,1.6400420068182275,0.6566939315222269,0.6566939315222269
210.0,0.0,0.3330889444384918,0.3330889444384918,1.6526668109527969,0.6528503805296151,0.6528503805296151
209.0,0.0,0.35921506984683366,0.35921506984683366,1.6654242468339562,0.6488957520107715,0.6488957520107715
208.0,0.0,0.38834320623519936,0.38834320623519936,1.678371038057278,0.6448169634229761,0.6448169634229761
207.0,0.0,0.420710186603589,0.42071018660358894,1.6915688081921287,0.6405989112688177,0.6405989112688177
206.0,0.0,0.4564604577936501,0.45646045779364924,1.7050791208594023,0.6362248255730791,0.636224825573079
205.0,0.0,0.49559104037565554,0.49559104037565566,1.71895543448149,0.6316771205420942,0.6316771205420942
204.0,0.0,0.5379030105043412,0.5379030105043405,1.7332326690732074,0.6269387684254821,0.6269387684254821
203.0,0.0,0.5829802100789573,0.5829802100789573,1.7479168506727576,0.6219949761810172,0.6219949761810172
202.0,0.0,0.6302127155072251,0.6302127155072258,1.7629786341026916,0.6168346746783592,0.6168346746783592
201.0,0.0,0.678866081263963,0.6788660812639624,1.7783539239222113,0.611451258812516,0.6114512588125159
200.0,0.0,0.7281759346202015,0.7281759346202004,1.7939519872199725,0.6058422829036583,0.6058422829036583
199.0,0.0,0.7774368924163307,0.777436892416329,1.809668153273879,0.6000082718445486,0.6000082718445486
198.0,0.0,0.8260621698449908,0.8260621698449916,1.8253967731384588,0.5939511280850346,0.5939511280850346
197.0,0.0,0.8736074127926565,0.8736074127926543,1.8410411389043957,0.5876726210719181,0.5876726210719181
196.0,0.0,0.919766212114393,0.9197662121143926,1.8565191857352967,0.5811732368137563,0.5811732368137563
195.0,0.0,0.9643497162334113,0.9643497162334124,1.871765486753192,0.5744514376997245,0.5744514376997245
194.0,0.0,1.0072609564166874,1.0072609564166857,1.8867307525146004,0.5675032479919535,0.5675032479919536
193.0,0.0,1.0484703747011357,1.0484703747011352,1.9013800138947239,0.5603220411306626,0.5603220411306626
192.0,0.0,1.0879954352545433,1.087995435254543,1.9156903337662072,0.5528984188655913,0.5528984188655913
191.0,0.0,1.1258849505926063,1.1258849505926052,1.9296485438831092,0.5452201018666306,0.5452201018666306
190.0,0.0,1.1622076694555383,1.162207669455538,1.9432492469130014,0.5372717776644154,0.5372717776644154
189.0,0.0,1.197044307757933,1.1970443077579336,1.9564931677721835,0.529034868620761,0.529034868620761
188.0,0.0,1.230482196230985,1.2304821962309829,1.969385857238799,0.5204871902704811,0.5204871902704811
187.0,0.0,1.262611850459669,1.26261185045967,1.981936715935039,0.5116024705050388,0.5116024705050388
186.0,0.0,1.2935249323631373,1.2935249323631361,1.9941582974850591,0.5023496940006908,0.5023496940006908
185.0,0.0,1.3233132219923749,1.3233132219923767,2.006065853282882,0.49269222436687815,0.49269222436687815
184.0,0.0,1.3520683419485842,1.3520683419485837,2.017677090966467,0.4825866379399094,0.4825866379399094
183.0,0.0,1.3798820746870475,1.3798820746870475,2.0290121311246647,0.47198117606235707,0.47198117606235707
182.0,0.0,1.4068471911210205,1.4068471911210205,2.040093660714277,0.460813683976544,0.460813683976544
181.0,0.0,1.4330587732235438,1.4330587732235438,2.050947296756013,0.4490088500321277,0.4490088500321277
180.0,0.0,1.4586160668516774,1.4586160668516774,2.0616021893968406,0.43647448496134633,0.43647448496134633
179.0,0.0,1.4836249387070601,1.4836249387070601,2.072091905987142,0.42309648913174125,0.42309648913174125
178.0,0.0,1.5082010054104529,1.5082010054104529,2.082455635143704,0.4087320706014654,0.4087320706014654
177.0,0.0,1.5324733602133018,1.5324733602133018,2.0927396926624016,0.3932008033302299,0.3932008033302299
176.0,0.0,1.5565882610587678,1.5565882610587678,2.1029990803291194,0.3762736201863508,0.3762736201863508
175.0,0.0,1.5807103258190425,1.5807103258190425,2.1132980886805015,0.35766202084058296,0.357662020840583
174.0,0.0,1.6050133233240653,1.6050133233240653,2.123706623576915,0.33701738520486263,0.33701738520486263
173.0,0.0,1.6296376073787013,1.6296376073787013,2.1342824902595137,0.31397378725089364,0.31397378725089364
172.0,0.0,1.6545587342539438,1.6545587342539438,2.1450157014606424,0.28832640322355985,0.28832640322355985
171.0,0.0,1.679297054735808,1.679297054735808,2.155703441865706,0.2604997620233925,0.2604997620233925
170.0,0.0,1.7026363306412187,1.7026363306412187,2.1658246954266644,0.23216072944242633,0.23216072944242636
169.0,0.0,1.7230654739724744,1.7230654739724744,2.1747222402436925,0.20584677331106999,0.20584677331106999
168.0,0.0,1.7398791688869228,1.7398791688869228,2.1820767784881085,0.18326368168023105,0.18326368168023105
167.0,0.0,1.75339154309909,1.75339154309909,2.1880092328986893,0.16457363563847546,0.16457363563847546
166.0,0.0,1.76429956354485,1.76429956354485,2.1928118143765953,0.14915003657982506,0.14915003657982506
165.0,0.0,1.7732452200498654,1.7732452200498654,2.1967579953380794,0.13626892916238126,0.13626892916238126
164.0,0.0,1.7807119551313864,1.7807119551313864,2.2000554871652325,0.1253395450993975,0.1253395450993975
163.0,0.0,1.7870450833301108,1.7870450833301108,2.2028535842558425,0.11592264307134262,0.11592264307134262
162.0,0.0,1.7924907116256135,1.7924907116256135,2.2052592397953727,0.10769793509996231,0.10769793509996231
161.0,0.0,1.7972269886403447,1.7972269886403447,2.207350225623042,0.10043036573410298,0.10043036573410298
160.0,0.0,1.8013855990901924,1.8013855990901924,2.209184266796672,0.09394473685181091,0.09394473685181091
159.0,0.0,1.8050660033080532,1.8050660033080532,2.210805128835169,0.08810808846761811,0.08810808846761811
158.0,0.0,1.8083448683628498,1.8083448683628498,2.212246667475381,0.08281768640936216,0.08281768640936216
157.0,0.0,1.811282399897514,1.811282399897514,2.2135355576325444,0.07799279907913372,0.07799279907913372
156.0,0.0,1.8139266728161336,1.8139266728161336,2.21469316588855,0.0735689952810328,0.0735689952810328
155.0,0.0,1.8163166526334176,1.8163166526334176,2.215736860644273,0.0694941260587701,0.0694941260587701
154.0,0.0,1.8184843448926407,1.8184843448926407,2.216680946675769,0.06572544495783186,0.06572544495783186
153.0,0.0,1.820456352845242,1.820456352845242,2.217537344115823,0.06222750965223585,0.06222750965223585
152.0,0.0,1.822255025930808,1.822255025930808,2.2183160902737007,0.058970628599055865,0.058970628599055865
151.0,0.0,1.8238993201460523,1.8238993201460523,2.2190257164388036,0.05592969402701263,0.05592969402701263
150.0,0.0,1.8254054532760475,1.8254054532760475,2.2196735354451547,0.05308328981112392,0.05308328981112393
149.0,0.0,1.82678740378461,1.82678740378461,2.2202658613278565,0.05041301944752514,0.05041301944752513
148.0,0.0,1.8280573120481312,1.8280573120481312,2.220808185897438,0.047902948938163284,0.04790294893816323
147.0,0.0,1.8292257846650992,1.8292257846650992,2.221305313411566,0.04553920010879427,0.04553920010879425
146.0,0.0,1.830302143373908,1.830302143373908,2.2217614707139237,0.04330960972910855,0.043309609729108585
145.0,0.0,1.8312946241510424,1.8312946241510424,2.2221803955647514,0.04120345871290718,0.04120345871290721
144.0,0.0,1.8322105389428087,1.8322105389428087,2.2225654085429247,0.03921125237839403,0.03921125237839404
143.0,0.0,1.8330564081384266,1.8330564081384266,2.2229194720626153,0.03732454070787617,0.037324540707876226
142.0,0.0,1.8338380699178098,1.8338380699178098,2.2232452391886346,0.035535770226480204,0.035535770226480246
141.0,0.0,1.834560771161504,1.834560771161504,2.223545094304974,0.033838161087086455,0.03383816108708646
140.0,0.0,1.8352292435399522,1.8352292435399522,2.2238211872241647,0.03222560440852252,0.032225604408522505
139.0,0.0,1.8358477675987073,1.8358477675987073,2.2240754619754024,0.03069257600807295,0.030692576008072965
138.0,0.0,1.8364202270513612,1.8364202270513612,2.2243096812450305,0.029234063497007214,0.029234063497007225
137.0,0.0,1.836950155030872,1.836950155030872,2.2245254472408877,0.02784550433954559,0.027845504339545607
136.0,0.0,1.8374407736953897,1.8374407736953897,2.224724219596715,0.026522732961923094,0.026522732961923104
135.0,0.0,1.8378950283097601,1.8378950283097601,2.2249073308121066,0.025261935375443908,0.025261935375443908
134.0,0.0,1.838315616709049,1.838315616709049,2.225075999629011,0.0240596100722893,0.024059610072289298
133.0,0.0,1.838705014881489,1.838705014881489,2.225231342671507,0.02291253418496023,0.02291253418496023
132.0,0.0,1.839065499274108,1.839065499274108,2.2253743846165297,0.021817734084197092,0.021817734084197092
131.0,0.0,1.839399166317644,1.839399166317644,2.2255060671160196,0.020772459736932564,0.020772459736932564
130.0,0.0,1.839707949581406,1.839707949581406,2.2256272566532824,0.019774162263558825,0.019774162263558825
129.0,0.0,1.8399936348996802,1.8399936348996802,2.225738751485492,0.01882047422879047,0.01882047422879047
128.0,0.0,1.8402578737549533,1.8402578737549533,2.2258412877996427,0.017909192277492856,0.017909192277492856
127.0,0.0,1.8405021951573923,1.8405021951573923,2.225935545188793,0.017038261789717117,0.017038261789717117
126.0,0.0,1.840728016222433,1.840728016222433,2.2260221515387535,0.016205763280720736,0.016205763280720736
125.0,0.0,1.840936651617285,1.840936651617285,2.2261016874016994,0.0154099003141941,0.0154099003141941
124.0,0.0,1.8411293220214617,1.8411293220214617,2.2261746899216726,0.014648988732027529,0.014648988732027529
123.0,0.0,1.8413071617251486,1.8413071617251486,2.2262416563675043,0.01392144703312375,0.013921447033123749
122.0,0.0,1.8414712254713328,1.8414712254713328,2.226303047320703,0.013225787758100712,0.013225787758100717
121.0,0.0,1.8416224946327213,1.8416224946327213,2.226359289559205,0.012560609757113584,0.012560609757113587
120.0,0.0,1.841761882801789,1.841761882801789,2.2264107786722827,0.011924591235164188,0.011924591235164194
119.0,0.0,1.841890240861783,1.841890240861783,2.226457881437107,0.011316483483727257,0.01131648348372726
118.0,0.0,1.8420083615973994,1.8420083615973994,2.2265009379834777,0.010735105219767878,0.010735105219767881
117.0,0.0,1.8421169838962252,1.8421169838962252,2.226540263769753,0.010179337463628587,0.010179337463628587
116.0,0.0,1.8422167965854341,1.8422167965854341,2.2265761513901516,0.009648118896130401,0.009648118896130401
115.0,0.0,1.8423084419427378,1.8423084419427378,2.226608872230965,0.009140441642812525,0.009140441642812525
114.0,0.0,1.842392518915584,1.842392518915584,2.2266386779911898,0.00865534743973662,0.00865534743973662
113.0,0.0,1.8424695860786604,1.8424695860786604,2.226665802081141,0.008191924140869783,0.008191924140869784
112.0,0.0,1.8425401643560178,1.8425401643560178,2.2266904609110068,0.007749302531881563,0.007749302531881561
111.0,0.0,1.8426047395310843,1.8426047395310843,2.226712855079962,0.007326653419357365,0.007326653419357363
110.0,0.0,1.8426637645651824,1.8426637645651824,2.226733170475148,0.006923184968042773,0.006923184968042774
109.0,0.0,1.8427176617427394,1.8427176617427394,2.2267515792889037,0.006538140261872847,0.006538140261872846
108.0,0.0,1.8427668246593722,1.8427668246593722,2.2267682409615595,0.006170795067274449,0.00617079506727445
107.0,0.0,1.8428116200672697,1.8428116200672697,2.226783303056441,0.005820455779616595,0.0058204557796165965
106.0,0.0,1.8428523895906854,1.8428523895906854,2.226796902072893,0.005486457535772631,0.00548645753577263
105.0,0.0,1.842889451322946,1.842889451322946,2.2268091642026464,0.00516816247758978,0.005168162477589781
104.0,0.0,1.8429231013152527,1.8429231013152527,2.226820206034158,0.004864958152670398,0.004864958152670399
103.0,0.0,1.8429536149664163,1.8429536149664163,2.22683013520921,0.004576256040286434,0.004576256040286435
102.0,0.0,1.8429812483217258,1.8429812483217258,2.226839051035522,0.004301490191498435,0.004301490191498433
101.0,0.0,1.8430062392883644,1.8430062392883644,2.226847045058814,0.004040115973655017,0.004040115973655017
100.0,0.0,1.843028808773963,1.843028808773963,2.2268542015973827,0.0037916089104267805,0.0037916089104267805
