T,mu_B,phi_u,phi_d,phi_s,Phi1,Phi2
300.0,0.0,0.015262346527545169,0.015262346527545179,0.40408069840806243,0.8405791825951258,0.8405791825951258
298.0,0.0,0.01621425896487596,0.01621425896487597,0.4265031273623045,0.8382409966020228,0.8382409966020228
296.0,0.0,0.017201270719177826,0.01720127071917777,0.4494223209047034,0.8358545362037884,0.8358545362037884
294.0,0.0,0.018225657646613574,0.01822565764661357,0.4728413311180563,0.8334183687509933,0.8334183687509933
292.0,0.0,0.01928990179081571,0.01928990179081572,0.49676181197006186,0.830931004798085,0.830931004798085
290.0,0.0,0.02039671412860571,0.02039671412860569,0.5211838441146632,0.8283908958557286,0.8283908958557286
288.0,0.0,0.021549060226459724,0.02154906022645973,0.5461057536887546,0.8257964321014188,0.8257964321014188
286.0,0.0,0.022750189243968114,0.022750189243968093,0.5715239276642753,0.8231459400451071,0.8231459400451071
284.0,0.0,0.024003666799866794,0.024003666799866808,0.5974326289584151,0.8204376801419452,0.8204376801419452
282.0,0.0,0.02531341231296249,0.025313412312962504,0.6238238151703879,0.8176698443397008,0.8176698443397008
280.0,0.0,0.026683741548987165,0.026683741548987165,0.6506869654760828,0.8148405535409134,0.8148405535409134
278.0,0.0,0.028119415250525876,0.028119415250525876,0.6780089208303377,0.8119478549523335,0.8119478549523335
276.0,0.0,0.029625694907907563,0.029625694907907563,0.705773743157681,0.8089897192840035,0.8089897192840035
274.0,0.0,0.03120840695331637,0.03120840695331637,0.733962599602409,0.8059640377491679,0.8059640377491679
272.0,0.0,0.032874016940030754,0.032874016940030754,0.7625536781029705,0.8028686188035193,0.8028686188035193
270.0,0.0,0.03462971561863612,0.03462971561863612,0.7915221405002272,0.7997011845480407,0.7997011845480407
268.0,0.0,0.03648351926168852,0.03648351926168852,0.8208401190360956,0.7964593667047645,0.7964593667047645
266.0,0.0,0.0384443871430587,0.0384443871430587,0.8504767614150607,0.7931407020586829,0.7931407020586829
264.0,0.0,0.04052235978146417,0.04052235978146417,0.8803983285718835,0.7897426272425724,0.7897426272425724
262.0,0.0,0.04272872245386561,0.04272872245386561,0.9105683479271296,0.7862624727245314,0.7862624727245314
260.0,0.0,0.0450761996328748,0.0450761996328748,0.940947823262046,0.7826974558402183,0.7826974558402183
258.0,0.0,0.04757918748322308,0.04757918748322308,0.9714955004816302,0.7790446726933768,0.7790446726933768
256.0,0.0,0.050254033474958174,0.050254033474958174,1.0021681865693037,0.7753010887273807,0.7753010887273807
254.0,0.0,0.05311937468540522,0.05311937468540522,1.0329211171035215,0.7714635277458086,0.7714635277458086
252.0,0.0,0.0561965496759731,0.0561965496759731,1.0637083659595534,0.7675286591290503,0.7675286591290503
250.0,0.0,0.059510103234460855,0.059510103234460855,1.0944832894229146,0.7634929829514114,0.7634929829514114
248.0,0.0,0.06308840917867432,0.06308840917867432,1.1251989960537365,0.7593528126439019,0.7593528126439019
246.0,0.0,0.06696444440684511,0.06696444440684511,1.1558088334170715,0.7551042547618919,0.7551042547618919
244.0,0.0,0.07117675829345997,0.07117675829345997,1.1862668833726109,0.7507431852912317,0.7507431852912317
242.0,0.0,0.07577069658273392,0.07577069658273392,1.216528459138563,0.7462652217408814,0.7462652217408814
240.0,0.0,0.080799959908535,0.080799959908535,1.2465505999686253,0.7416656899942752,0.7416656899942752
238.0,0.0,0.0863286066040232,0.0863286066040232,1.2762925632353213,0.7369395844781839,0.7369395844781839
236.0,0.0,0.09243365148561516,0.09243365148561516,1.3057163193680545,0.7320815195814245,0.7320815195814245
234.0,0.0,0.09920847270543233,0.09920847270543233,1.334787063092637,0.7270856692930208,0.7270856692930208
232.0,0.0,0.10676732646784334,0.10676732646784334,1.3634737658843916,0.7219456905274736,0.7219456905274736
230.0,0.0,0.11525139782978135,0.11525139782978135,1.3917498114430156,0.716654623217771,0.716654623217771
228.0,0.0,0.12483700502040991,0.12483700502041029,1.4195937817336957,0.7112047563904911,0.7112047563904911
226.0,0.0,0.1357468539046811,0.1357468539046811,1.4469905016198534,0.7055874430501343,0.7055874430501343
224.0,0.0,0.14826564803574124,0.14826564803574124,1.473932515518854,0.6997928359431359,0.6997928359431359
222.0,0.0,0.16276194303063646,0.16276194303063646,1.5004222771794278,0.693809497842752,0.693809497842752
220.0,0.0,0.17971891164992665,0.17971891164992665,1.5264755120987445,0.687623808026972,0.687623808026972
218.0,0.0,0.1997775424332162,0.1997775424332162,1.5521265037361214,0.6812190310397781,0.6812190310397781
216.0,0.0,0.22379612725578307,0.22379612725578307,1.5774365052502748,0.6745738190530777,0.6745738190530777
214.0,0.0,0.2529275854405523,0.2529275854405523,1.602507062618619,0.66765976859321,0.66765976859321
212.0,0.0,0.28870491661450204,0.28870491661450204,1.6275003458982917,0.660437461858186,0.660437461858186
210.0,0.0,0.3330889444362169,0.3330889444362169,1.652666810952192,0.6528503805301193,0.6528503805301193
208.0,0.0,0.3883432062312655,0.3883432062312655,1.6783710380562085,0.6448169634238518,0.6448169634238518
206.0,0.0,0.4564604577873832,0.4564604577873831,1.7050791208575342,0.6362248255745953,0.6362248255745953
204.0,0.0,0.5379030104947348,0.537903010494735,1.7332326690708437,0.6269387684277462,0.6269387684277462
202.0,0.0,0.6302127156701226,0.6302127156701222,1.7629786341148193,0.6168346746789334,0.6168346746789334
200.0,0.0,0.7281759362062877,0.7281759362062874,1.7939519873757097,0.6058422828844459,0.6058422828844459
198.0,0.0,0.8260621730707052,0.8260621730707053,1.8253967735233683,0.5939511280305235,0.5939511280305235
196.0,0.0,0.9197662146482193,0.9197662146482191,1.856519186088922,0.5811732367587389,0.5811732367587389
194.0,0.0,1.007260957488522,1.0072609574885227,1.8867307526839858,0.56750324796493,0.56750324796493
192.0,0.0,1.0879954355029982,1.087995435502998,1.9156903338064832,0.5528984188676808,0.5528984188676808
190.0,0.0,1.1622076694118126,1.1622076694118126,1.9432492468945213,0.5372717776967465,0.5372717776967465
188.0,0.0,1.2304821960877632,1.2304821960877632,1.969385857187305,0.5204871903507504,0.5204871903507504
186.0,0.0,1.2935249321240319,1.2935249321240319,1.9941582973889118,0.5023496941797355,0.5023496941797355
184.0,0.0,1.3520683414894432,1.3520683414894432,2.0176770907721218,0.4825866383500254,0.4825866383500254
182.0,0.0,1.4068471900874573,1.4068471900874573,2.0400936602728175,0.4608136849903479,0.4608136849903479
180.0,0.0,1.4586160641834818,1.4586160641834818,2.0616021882591875,0.436474487769322,0.436474487769322
178.0,0.0,1.5082010054642205,1.5082010054642205,2.0824556351665713,0.40873207054091926,0.40873207054091926
176.0,0.0,1.5565882612650128,1.5565882612650128,2.102999080417104,0.37627361993422387,0.37627361993422387
174.0,0.0,1.60501332416373,1.60501332416373,2.123706623937521,0.3370173840768074,0.3370173840768074
172.0,0.0,1.654558735779465,1.654558735779465,2.145015702124738,0.288326400912528,0.288326400912528
170.0,0.0,1.7026363250044043,1.7026363250044043,2.1658246927963245,0.2321607411001107,0.2321607411001107
168.0,0.0,1.7398791688868465,1.7398791688868465,2.182076778488075,0.18326368168046095,0.18326368168046098
166.0,0.0,1.7642995644849373,1.7642995644849373,2.192811814762589,0.14915003516755893,0.14915003516755895
164.0,0.0,1.78071195543306,1.78071195543306,2.200055487290264,0.12533954458936603,0.12533954458936603
162.0,0.0,1.7924907116689586,1.7924907116689586,2.205259239813351,0.1076979350202788,0.1076979350202788
160.0,0.0,1.80138559909673,1.80138559909673,2.2091842667993773,0.09394473683887451,0.09394473683887451
158.0,0.0,1.8083448683640135,1.8083448683640135,2.212246667475864,0.08281768640689004,0.08281768640689004
156.0,0.0,1.813926672816378,1.813926672816378,2.214693165888651,0.07356899528047846,0.07356899528047846
154.0,0.0,1.8184843448927015,1.8184843448927015,2.216680946675792,0.06572544495768949,0.06572544495768949
152.0,0.0,1.8222550259308217,1.8222550259308217,2.218316090273706,0.05897062859901517,0.05897062859901517
150.0,0.0,1.8254054520911016,1.8254054520911016,2.2196735349690035,0.05308329304411,0.05308329304411
148.0,0.0,1.8280573113946017,1.8280573113946017,2.22080818563672,0.0479029508422313,0.0479029508422313
146.0,0.0,1.8303021430031723,1.8303021430031723,2.221761470567155,0.04330961088313384,0.04330961088313384
144.0,0.0,1.832210538727611,1.832210538727611,2.222565408458415,0.03921125309457602,0.03921125309457602
142.0,0.0,1.833838069790521,1.833838069790521,2.2232452391390676,0.035535770679731925,0.035535770679731925
140.0,0.0,1.8352292434634996,1.8352292434634996,2.2238211871946545,0.03222560470006978,0.03222560470006978
138.0,0.0,1.8364202270048635,1.8364202270048635,2.224309681227251,0.029234063687079835,0.029234063687079835
136.0,0.0,1.8374407741711862,1.8374407741711862,2.2247242197769186,0.02652273087567461,0.02652273087567461
134.0,0.0,1.8383156170028974,1.8383156170028974,2.225075999739201,0.024059608687835805,0.024059608687835805
132.0,0.0,1.8390654994567772,1.8390654994567772,2.2253743846843212,0.02181773315826739,0.02181773315826739
130.0,0.0,1.8397079496955104,1.8397079496955104,2.225627256695178,0.019774161640439894,0.019774161640439894
128.0,0.0,1.8402578738264688,1.8402578738264688,2.225841287825613,0.017909191856140438,0.017909191856140438
126.0,0.0,1.8407280162673447,1.8407280162673447,2.2260221515548744,0.016205762994794384,0.016205762994794384
124.0,0.0,1.841129322049688,1.841129322049688,2.2261746899316845,0.014648988537535662,0.014648988537535662
122.0,0.0,1.8414712254890644,1.8414712254890644,2.226303047326917,0.013225787625625872,0.013225787625625872
120.0,0.0,1.841761882812914,1.841761882812914,2.2264107786761316,0.011924591144897006,0.011924591144897006
118.0,0.0,1.8420083616043623,1.8420083616043623,2.226500937985854,0.010735105158293092,0.010735105158293092
116.0,0.0,1.8422167965897753,1.8422167965897753,2.2265761513916154,0.00964811885432216,0.00964811885432216
114.0,0.0,1.8423925189182806,1.8423925189182806,2.2266386779920855,0.00865534741136606,0.00865534741136606
112.0,0.0,1.8425401643576818,1.8425401643576818,2.2266904609115525,0.0077493025126874025,0.0077493025126874025
110.0,0.0,1.8426637645662065,1.8426637645662065,2.2267331704754785,0.006923184955105893,0.006923184955105893
108.0,0.0,1.842766824659995,1.842766824659995,2.2267682409617593,0.00617079505859456,0.00617079505859456
106.0,0.0,1.8428523895910625,1.8428523895910625,2.2267969020730094,0.0054864575299797885,0.0054864575299797885
104.0,0.0,1.8429231013154808,1.8429231013154808,2.2268202060342275,0.004864958148827754,0.004864958148827754
102.0,0.0,1.8429812483218577,1.8429812483218577,2.2268390510355647,0.0043014901889669,0.0043014901889669
100.0,0.0,1.8430288087740414,1.8430288087740414,2.226854201597405,0.0037916089087717112,0.0037916089087717112
98.0,0.0,1.843067488275485,1.843067488275485,2.2268663063238043,0.0033311927689211513,0.0033311927689211513
96.0,0.0,1.8430987530697835,1.8430987530697835,2.2268759134234326,0.002916410290847977,0.002916410290847977
94.0,0.0,1.8431238593393717,1.8431238593393717,2.2268834843085026,0.002543691669438273,0.002543691669438273
92.0,0.0,1.8431438791432808,1.8431438791432808,2.2268894055278516,0.002209704412270612,0.002209704412270612
90.0,0.0,1.8431597234384318,1.8431597234384318,2.2268939992469376,0.0019113324041949195,0.0019113324041949197
88.0,0.0,1.8431721625514246,1.8431721625514246,2.226897532453014,0.0016456578974247981,0.001645657897424798
86.0,0.0,1.843181844405695,1.843181844405695,2.226900225035901,0.0014099460089329523,0.0014099460089329525
84.0,0.0,1.8431893107587314,1.8431893107587314,2.226902256872468,0.0012016313729130913,0.0012016313729130913
82.0,0.0,1.843195011663801,1.843195011663801,2.226903774024988,0.001018306649569035,0.001018306649569035
80.0,0.0,1.843199318337919,1.843199318337919,2.226904894148915,0.0008577126349646806,0.0008577126349646806
78.0,0.0,1.8432025345918093,1.8432025345918093,2.226905711193981,0.0007177297520218545,0.0007177297520218545
76.0,0.0,1.8432049069565077,1.8432049069565077,2.2269062994728483,0.0005963707314789161,0.0005963707314789161
74.0,0.0,1.843206633624558,1.843206633624558,2.2269067171638715,0.0004917743148902513,0.0004917743148902513
72.0,0.0,1.8432078723105616,1.8432078723105616,2.226907009308029,0.00040219983048018186,0.00040219983048018186
70.0,0.0,1.8432087471252947,1.8432087471252947,2.2269072103548813,0.0003260225075986413,0.0003260225075986413
68.0,0.0,1.8432093545496249,1.8432093545496249,2.2269073463078155,0.00026172940725043844,0.00026172940725043844
66.0,0.0,1.8432097685880195,1.8432097685880195,2.2269074365151,0.00020791585516889629,0.00020791585516889629
64.0,0.0,1.8432100451766251,1.8432100451766251,2.226907495149746,0.00016328227058681698,0.00016328227058681698
62.0,0.0,1.8432102259170764,1.8432102259170764,2.226907532418114,0.0001266312885874275,0.0001266312885874275
60.0,0.0,1.8432103412079228,1.8432103412079228,2.226907555534977,9.68628602381683e-5,9.68628602381683e-5
58.0,0.0,1.8432104128140028,1.8432104128140028,2.226907569494368,7.298133584184346e-5,7.298133584184347e-5
56.0,0.0,1.8432104560053928,1.8432104560053928,2.2269075776805827,5.407690908547396e-5,5.407690908547397e-5
54.0,0.0,1.843210481225311,1.843210481225311,2.226907582328429,3.9334822741657605e-5,3.93348227416576e-5
52.0,0.0,1.8432104954296387,1.8432104954296387,2.226907584874544,2.8029117608207988e-5,2.802911760820798e-5
50.0,0.0,1.8432105031141435,1.8432105031141435,2.226907586214942,1.9519491061886454e-5,1.951949106188645e-5
