T,rho_B,mu_B
100.0,3.0,345.6415812109624
100.0,2.99,345.30490690723985
100.0,2.98,344.96861589903943
100.0,2.97,344.6327495725736
100.0,2.96,344.29735101215147
100.0,2.95,343.962464996375
100.0,2.94,343.62813805537644
100.0,2.93,343.29441852881695
100.0,2.92,342.9613566245173
100.0,2.91,342.6290044775338
100.0,2.9,342.2974162094944
100.0,2.89,341.9666479879647
100.0,2.88,341.63675808559873
100.0,2.87,341.30780693878313
100.0,2.86,340.97985720545375
100.0,2.85,340.6529738217433
100.0,2.84,340.32722405704294
100.0,2.83,340.00267756706245
100.0,2.82,339.67940644439363
100.0,2.81,339.3574852660606
100.0,2.8,339.03699113747865
100.0,2.79,338.7180037322027
100.0,2.78,338.4006053267947
100.0,2.77,338.08488083008154
100.0,2.76,337.7709178060431
100.0,2.75,337.45880648949475
100.0,2.74,337.1486397937092
100.0,2.73,336.8405133090518
100.0,2.72,336.5345252916843
100.0,2.71,336.23077664133655
100.0,2.7,335.9293708671357
100.0,2.69,335.63041404044407
100.0,2.68,335.33401473365507
100.0,2.67,335.040283943896
100.0,2.66,334.74933500060234
100.0,2.65,334.4612834559464
100.0,2.64,334.17624695716154
100.0,2.63,333.8943450998703
100.0,2.62,333.6156992616051
100.0,2.61,333.3404324148121
100.0,2.6,333.06866891878826
100.0,2.59,332.80053429013446
100.0,2.58,332.5361549515044
100.0,2.57,332.27565795864143
100.0,2.56,332.0191707059083
100.0,2.55,331.76682061082465
100.0,2.54,331.51873477832925
100.0,2.53,331.27503964586197
100.0,2.52,331.0358606106204
100.0,2.51,330.80132164068283
100.0,2.5,330.5715448720314
100.0,2.49,330.3466501938122
100.0,2.48,330.1267548244891
100.0,2.47,329.91197288186277
100.0,2.46,329.7024149501723
100.0,2.45,329.4981876477496
100.0,2.44,329.2993931989011
100.0,2.43,329.10612901382234
100.0,2.42,328.9184872804505
100.0,2.41,328.73655457219587
100.0,2.4,328.5604114754495
100.0,2.39,328.39013224065286
100.0,2.38,328.2257844605726
100.0,2.37,328.06742877913047
100.0,2.36,327.9151186338746
100.0,2.35,327.76890003478564
100.0,2.34,327.62881138169115
100.0,2.33,327.494883322092
100.0,2.32,327.3671386507204
100.0,2.31,327.2455922515829
100.0,2.3,327.13025108275053
100.0,2.29,327.02111420357835
100.0,2.28,326.91817284354283
100.0,2.27,326.82141051136875
100.0,2.26,326.7308031426401
100.0,2.25,326.6463192837058
100.0,2.24,326.5679203092646
100.0,2.23,326.4955606707468
100.0,2.22,326.4291881723319
100.0,2.21,326.3687442712653
100.0,2.2,326.3141643989896
100.0,2.19,326.26537829957994
100.0,2.18,326.2223103819407
100.0,2.17,326.1848800822785
100.0,2.16,326.15300223348004
100.0,2.15,326.12658743815814
100.0,2.14,326.1055424423165
100.0,2.13,326.08977050680267
100.0,2.12,326.07917177394756
100.0,2.11,326.07364362704664
100.0,2.1,326.07308104060763
100.0,2.09,326.07737691955055
100.0,2.08,326.0864224258128
100.0,2.07,326.10010729108006
100.0,2.06,326.11832011460706
100.0,2.05,326.1409486453419
100.0,2.04,326.1678800477755
100.0,2.03,326.1990011511574
100.0,2.02,326.2341986819013
100.0,2.01,326.2733594791704
100.0,2.0,326.316370693783
100.0,1.99,326.36311997071226
100.0,1.98,326.41349561555415
100.0,1.97,326.467386745448
100.0,1.96,326.52468342498946
100.0,1.95,326.585276787759
100.0,1.94,326.64905914411435
100.0,1.93,326.7159240759446
100.0,1.92,326.78576651910356
100.0,1.91,326.85848283423866
100.0,1.9,326.9339708667562
100.0,1.89,327.0121299966404
100.0,1.88,327.09286117884335
100.0,1.87,327.1760669749417
100.0,1.86,327.26165157673444
100.0,1.85,327.34952082244394
100.0,1.84,327.43958220612853
100.0,1.83,327.5317448809158
100.0,1.82,327.6259196566162
100.0,1.81,327.7220189922526
100.0,1.8,327.8199569840006
100.0,1.79,327.9196493490271
100.0,1.78,328.02101340563854
100.0,1.77,328.123968050184
100.0,1.76,328.2284337310477
100.0,1.75,328.3343324201223
100.0,1.74,328.4415875820511
100.0,1.73,328.5501241415596
100.0,1.72,328.6598684491297
100.0,1.71,328.77074824526636
100.0,1.7,328.88269262359006
100.0,1.69,328.9956319929399
100.0,1.68,329.10949803868635
100.0,1.67,329.2242236834116
100.0,1.66,329.33974304709807
100.0,1.65,329.45599140696584
100.0,1.64,329.5729051570695
100.0,1.63,329.69042176775986
100.0,1.62,329.8084797450945
100.0,1.61,329.92701859028165
100.0,1.6,330.04597875921786
100.0,1.59,330.1653016221832
100.0,1.58,330.28492942374396
100.0,1.57,330.4048052428819
100.0,1.56,330.5248729534197
100.0,1.55,330.64507718472726
100.0,1.54,330.76536328276507
100.0,1.53,330.8856772714464
100.0,1.52,331.0059658143459
100.0,1.51,331.1261761767593
100.0,1.5,331.24625618809165
100.0,1.49,331.3661542045979
100.0,1.48,331.4858190724452
100.0,1.47,331.6052000910939
100.0,1.46,331.7242469769876
100.0,1.45,331.84290982751605
100.0,1.44,331.961139085255
100.0,1.43,332.07888550243877
100.0,1.42,332.1961001056548
100.0,1.41,332.3127341607247
100.0,1.4,332.4287391377484
100.0,1.39,332.54406667628166
100.0,1.38,332.6586685505994
100.0,1.37,332.77249663503625
100.0,1.36,332.8855028693475
100.0,1.35,332.9976392240617
100.0,1.34,333.1088576657838
100.0,1.33,333.2191101224092
100.0,1.32,333.3283484482105
100.0,1.31,333.43652438873886
100.0,1.3,333.54358954552157
100.0,1.29,333.6494953404738
100.0,1.28,333.75419298000804
100.0,1.27,333.85763341876964
100.0,1.26,333.9597673229556
100.0,1.25,334.0605450331569
100.0,1.24,334.15991652667714
100.0,1.23,334.2578313792523
100.0,1.22,334.3542387261247
100.0,1.21,334.44908722240393
100.0,1.2,334.5423250026391
100.0,1.19,334.63389963954745
100.0,1.18,334.7237581018144
100.0,1.17,334.8118467108925
100.0,1.16,334.89811109672445
100.0,1.15,334.98249615229764
100.0,1.14,335.0649459869467
100.0,1.13,335.14540387831653
100.0,1.12,335.2238122228778
100.0,1.11,335.3001124848985
100.0,1.1,335.3742451437719
100.0,1.09,335.4461496395592
100.0,1.08,335.5157643166654
100.0,1.07,335.5830263654844
100.0,1.06,335.64787176190345
100.0,1.05,335.71023520450535
100.0,1.04,335.77005004932835
100.0,1.03,335.8272482420188
100.0,1.02,335.88176024719127
100.0,1.01,335.9335149748457
100.0,1.0,335.9824397035977
100.0,0.99,336.0284600005641
100.0,0.98,336.07149963763965
100.0,0.97,336.11148050395445
100.0,0.96,336.148322514237
100.0,0.95,336.1819435128335
100.0,0.94,336.21225917306316
100.0,0.93,336.23918289161577
100.0,0.92,336.26262567765195
100.0,0.91,336.2824960362372
100.0,0.9,336.2986998457207
100.0,0.89,336.31114022864864
100.0,0.88,336.31971741574847
100.0,0.87,336.3243286025024
100.0,0.86,336.3248677977826
100.0,0.85,336.3212256639823
100.0,0.84,336.31328934800797
100.0,0.83,336.30094230249597
100.0,0.82,336.2840640965064
100.0,0.81,336.2625302149085
100.0,0.8,336.236211845626
100.0,0.79,336.20497565378435
100.0,0.78,336.1686835417749
100.0,0.77,336.1271923941215
100.0,0.76,336.08035380595385
100.0,0.75,336.028013793759
100.0,0.74,335.9700124870074
100.0,0.73,335.90618379904674
100.0,0.72,335.83635507556187
100.0,0.71,335.7603467186975
100.0,0.7,335.6779717847724
100.0,0.69,335.5890355532927
100.0,0.68,335.4933350647341
100.0,0.67,335.3906586243255
100.0,0.66,335.28078526874054
100.0,0.65,335.16348419229905
100.0,0.64,335.0385141289128
100.0,0.63,334.90562268557886
100.0,0.62,334.7645456227303
100.0,0.61,334.6150060763237
100.0,0.6,334.45671371580687
100.0,0.59,334.2893638315237
100.0,0.58,334.1126363443154
100.0,0.57,333.9261947291992
100.0,0.56,333.7296848439396
100.0,0.55,333.5227336523138
100.0,0.54,333.30494783045697
100.0,0.53,333.0759122431702
100.0,0.52,332.8351882754588
100.0,0.51,332.58231200216704
100.0,0.5,332.3167921744442
100.0,0.49,332.03810799101444
100.0,0.48,331.7457065964283
100.0,0.47,331.4390002661654
100.0,0.46,331.11736402769185
100.0,0.45,330.7801390417549
100.0,0.44,330.4266295922168
100.0,0.43,330.0556459535716
100.0,0.42,329.66747760166464
100.0,0.41,329.2602361532389
100.0,0.4,328.8333091907371
100.0,0.39,328.3856900229237
100.0,0.38,327.9162935825289
100.0,0.37,327.42394821328435
100.0,0.36,326.90738617148253
100.0,0.35,326.3652327893632
100.0,0.34,325.7959926133657
100.0,0.33,325.19804075059244
100.0,0.32,324.5695982823234
100.0,0.31,323.9087184486943
100.0,0.3,323.2132631786074
100.0,0.29,322.48087713053343
100.0,0.28,321.7089571766187
100.0,0.27,320.8946163352106
100.0,0.26,320.0346408938999
100.0,0.25,319.1254391195501
100.0,0.24,318.1629794931912
100.0,0.23,317.1427157927585
100.0,0.22,316.0594955128307
100.0,0.21,314.907446966062
100.0,0.2,313.6798388191713
100.0,0.19,312.3689035704528
100.0,0.18,310.9656132568581
100.0,0.17,309.45939098531323
100.0,0.16,307.8377349088513
100.0,0.15,306.08572068542895
100.0,0.14,304.18533201919985
100.0,0.13,302.114542673204
100.0,0.12,299.84603029415126
100.0,0.11,297.3453292653933
100.0,0.1,294.56810068192414
100.0,0.09,291.4559590235751
100.0,0.08,287.92983043906304
100.0,0.07,283.87885269605863
100.0,0.06,279.14066052017625
100.0,0.05,273.46353345577796
100.0,0.04,266.425767261152
100.0,0.03,257.23681391844616
100.0,0.02,244.12184747415563
100.0,0.01,221.41760730776596
100.0,0.001,145.03088360021604
100.0,0.0005,121.96259080529788
100.0,0.0001,68.84842924624117
100.0,5.0e-5,47.22558240991906
100.0,1.0e-5,12.633322344279906
100.0,5.0e-6,6.42908481153375
100.0,1.0e-6,1.29347610800711
100.0,5.0e-7,0.6468617696562649
100.0,1.0e-7,0.1293801505152586
100.0,5.0e-8,0.0646904028447149
100.0,1.0e-8,0.01293802858999841
